Date,open,high,low,close,volume
2000-01-04,5.046875,5.046875,4.84375,4.890625,911200
2000-01-05,4.84375,5.015625,4.828125,4.84375,1540000
2000-01-06,4.8125,5.265625,4.796875,5.125,2677200
2000-01-07,5.171875,5.28125,5.15625,5.203125,1256800
2000-01-10,5.21875,5.21875,5.0,5.03125,1205200
2000-01-11,5.015625,5.1875,5.015625,5.125,677600
2000-01-12,5.125,5.140625,5.046875,5.078125,589600
2000-01-13,5.09375,5.15625,5.0625,5.140625,1234400
2000-01-14,5.078125,5.09375,4.859375,4.984375,1082800
2000-01-18,5.046875,5.5625,5.046875,5.46875,4741600
2000-01-19,5.40625,5.546875,5.34375,5.515625,2240800
2000-01-20,5.53125,5.546875,5.453125,5.5,2066400
2000-01-21,5.59375,5.796875,5.59375,5.609375,1889200
2000-01-24,5.671875,5.8125,5.359375,5.359375,964400
2000-01-25,5.359375,5.421875,5.1875,5.25,1358800
2000-01-26,5.3125,5.375,5.1875,5.1875,1199200
2000-01-27,5.1875,5.234375,5.03125,5.125,1587600
2000-01-28,5.078125,5.171875,4.984375,5.0,1055200
2000-01-31,5.046875,5.1875,5.0,5.015625,1082800
2000-02-01,5.0625,5.359375,5.015625,5.328125,2078400
2000-02-02,5.3125,5.59375,5.28125,5.28125,2538000
2000-02-03,5.375,5.65625,5.375,5.546875,2930800
2000-02-04,5.5,5.75,5.359375,5.359375,1830800
2000-02-07,5.359375,5.65625,5.359375,5.578125,1367600
2000-02-08,5.59375,5.671875,5.34375,5.359375,1909200
2000-02-09,5.34375,5.40625,5.15625,5.15625,1239600
2000-02-10,5.15625,5.53125,5.140625,5.515625,1200000
2000-02-11,5.515625,5.609375,5.34375,5.34375,1179200
2000-02-14,5.390625,5.515625,5.375,5.40625,738800
2000-02-15,5.4375,5.75,5.4375,5.6875,1274400
2000-02-16,5.65625,5.6875,5.59375,5.65625,1619600
2000-02-17,5.703125,5.859375,5.578125,5.734375,2508400
2000-02-18,5.703125,5.75,5.4375,5.546875,1489200
2000-02-22,5.546875,5.59375,5.359375,5.4375,810000
2000-02-23,5.421875,5.484375,5.203125,5.296875,1131200
2000-02-24,5.265625,5.296875,5.203125,5.234375,2065200
2000-02-25,5.1875,5.1875,5.09375,5.15625,762400
2000-02-28,5.3125,5.59375,5.296875,5.375,1988800
2000-02-29,5.421875,5.703125,5.421875,5.625,1389600
2000-03-01,5.6875,6.09375,5.5703125,5.9375,2625600
2000-03-02,6.15625,6.75,6.109375,6.546875,2502400
2000-03-03,6.5625,6.59375,6.1875,6.390625,1413200
2000-03-06,6.328125,6.5,6.3125,6.375,961600
2000-03-07,6.4375,7.328125,6.4375,7.25,3309200
2000-03-08,7.15625,7.421875,6.984375,7.203125,3350000
2000-03-09,7.34375,7.5,7.0625,7.125,2909600
2000-03-10,7.0625,7.265625,6.828125,6.84375,1709600
2000-03-13,6.84375,7.078125,6.734375,6.765625,914400
2000-03-14,6.75,6.9375,6.5,6.890625,2443600
2000-03-15,6.859375,6.890625,6.640625,6.828125,1425200
2000-03-16,6.796875,7.203125,6.796875,7.140625,1804400
2000-03-17,7.140625,7.140625,6.859375,7.015625,950400
2000-03-20,7.046875,7.125,6.875,7.125,1879600
2000-03-21,7.03125,7.28125,6.953125,7.03125,1110400
2000-03-22,7.0625,7.125,6.921875,7.0,1442000
2000-03-23,7.0,7.0,6.796875,7.0,1048000
2000-03-24,6.96875,7.359375,6.96875,7.203125,2346800
2000-03-27,7.171875,7.171875,6.90625,7.09375,1426800
2000-03-28,7.03125,7.234375,7.03125,7.109375,1809200
2000-03-29,7.046875,7.640625,7.046875,7.578125,3785200
2000-03-30,7.546875,8.15625,7.546875,8.03125,3845200
2000-03-31,8.125,8.40625,8.078125,8.203125,4690800
2000-04-03,8.203125,8.5625,8.15625,8.4375,1836800
2000-04-04,8.5,8.71875,7.96875,7.984375,1832800
2000-04-05,7.953125,8.0625,7.640625,7.78125,1784000
2000-04-06,7.75,7.859375,7.703125,7.84375,1971600
2000-04-07,7.84375,7.90625,7.609375,7.640625,1695600
2000-04-10,7.640625,7.65625,7.34375,7.40625,1784000
2000-04-11,7.34375,7.53125,7.28125,7.5,2804400
2000-04-12,7.6875,8.09375,7.640625,7.984375,2288800
2000-04-13,7.875,8.109375,7.875,7.96875,3719200
2000-04-14,7.9375,8.109375,7.78125,7.90625,1594000
2000-04-17,7.6875,7.796875,7.53125,7.59375,1370800
2000-04-18,7.53125,7.984375,7.53125,7.953125,2260000
2000-04-19,7.921875,8.34375,7.875,8.34375,2570400
2000-04-20,8.34375,8.40625,8.1875,8.390625,992000
2000-04-24,8.390625,8.8125,8.390625,8.8125,2050000
2000-04-25,8.828125,9.140625,8.828125,8.96875,2248400
2000-04-26,8.96875,8.984375,8.59375,8.65625,1874800
2000-04-27,8.671875,9.03125,8.671875,8.90625,1781200
2000-04-28,8.96875,9.125,8.96875,9.015625,1614000
2000-05-01,9.078125,9.875,9.078125,9.765625,4446800
2000-05-02,9.765625,9.953125,9.6875,9.890625,1914000
2000-05-03,9.953125,9.96875,9.109375,9.3125,2758800
2000-05-04,9.296875,9.90625,9.171875,9.859375,2299200
2000-05-05,9.921875,9.96875,9.609375,9.734375,2117200
2000-05-08,9.671875,9.984375,9.546875,9.71875,3163600
2000-05-09,9.75,9.90625,9.5625,9.859375,1344400
2000-05-10,9.796875,9.9375,9.640625,9.921875,1255200
2000-05-11,9.9375,10.5,9.9375,10.46875,2169600
2000-05-12,10.46875,10.59375,9.84375,10.390625,2562800
2000-05-15,10.265625,10.28125,9.9375,10.0,3549600
2000-05-16,10.109375,10.109375,9.71875,9.90625,2456000
2000-05-17,9.828125,10.140625,9.78125,10.109375,1746400
2000-05-18,10.125,10.234375,10.0,10.046875,1200400
2000-05-19,9.75,9.875,9.75,9.875,1418000
2000-05-22,9.9375,10.046875,9.609375,9.6875,1150000
2000-05-23,9.6875,9.984375,9.671875,9.671875,1262000
2000-05-24,9.71875,9.71875,9.390625,9.46875,1217600
2000-05-25,9.515625,9.53125,9.296875,9.421875,809200
2000-05-26,9.46875,9.625,9.375,9.4375,1418000
2000-05-30,9.46875,9.5625,9.453125,9.53125,898000
2000-05-31,9.484375,9.828125,9.484375,9.828125,3809200
2000-06-01,9.875,9.890625,9.375,9.609375,1850800
2000-06-02,9.6875,9.90625,9.328125,9.34375,2393600
2000-06-05,9.40625,9.5625,8.9375,9.0625,3882000
2000-06-06,9.109375,9.46875,9.078125,9.34375,2335200
2000-06-07,9.40625,9.421875,8.90625,9.40625,2356800
2000-06-08,9.34375,9.703125,9.34375,9.484375,1531600
2000-06-09,9.5,9.578125,9.359375,9.484375,946000
2000-06-12,9.484375,9.765625,9.484375,9.65625,978000
2000-06-13,9.71875,9.75,9.4375,9.453125,1649200
2000-06-14,9.515625,9.75,9.4375,9.46875,1652800
2000-06-15,9.46875,9.75,9.125,9.1875,2754400
2000-06-16,9.09375,9.78125,9.09375,9.6875,2146000
2000-06-19,9.6875,9.78125,9.25,9.296875,1489200
2000-06-20,9.296875,9.578125,9.28125,9.484375,1453200
2000-06-21,9.546875,9.765625,9.34375,9.734375,1815600
2000-06-22,9.75,9.90625,9.296875,9.4375,1933200
2000-06-23,9.46875,9.84375,9.46875,9.671875,1593600
2000-06-26,9.703125,9.765625,9.5,9.515625,2212800
2000-06-27,9.5625,9.703125,9.328125,9.609375,1529600
2000-06-28,9.515625,9.546875,9.203125,9.421875,1910400
2000-06-29,9.484375,9.859375,9.421875,9.8125,1448800
2000-06-30,9.78125,9.8125,9.25,9.3125,2309200
2000-07-03,9.3125,9.5625,9.3125,9.46875,529600
2000-07-05,9.4375,9.4375,8.46875,8.46875,2268400
2000-07-06,8.53125,8.9375,8.53125,8.609375,4249600
2000-07-07,8.578125,8.71875,8.453125,8.65625,1268800
2000-07-10,8.59375,8.875,8.5,8.578125,1055600
2000-07-11,8.578125,8.96875,8.578125,8.9375,2426000
2000-07-12,8.921875,9.0,8.6875,8.8125,2626000
2000-07-13,8.78125,8.796875,8.5,8.578125,1059600
2000-07-14,8.640625,8.65625,8.40625,8.46875,1207600
2000-07-17,8.53125,8.75,8.53125,8.65625,1871600
2000-07-18,8.671875,8.9375,8.671875,8.890625,1566400
2000-07-19,8.890625,8.953125,8.75,8.765625,1011600
2000-07-20,8.765625,8.78125,8.328125,8.40625,1576400
2000-07-21,8.4375,8.453125,8.03125,8.09375,1262400
2000-07-24,8.0625,8.09375,7.703125,7.71875,1738000
2000-07-25,7.734375,7.890625,7.3125,7.3125,2400800
2000-07-26,7.3125,7.453125,7.21875,7.40625,6772400
2000-07-27,7.484375,7.65625,7.453125,7.546875,4495200
2000-07-28,7.5625,7.625,7.4375,7.59375,3338000
2000-07-31,7.578125,7.625,7.390625,7.5,1614400
2000-08-01,7.453125,7.8125,7.4375,7.78125,1423200
2000-08-02,7.765625,8.0625,7.765625,7.984375,2142400
2000-08-03,7.90625,8.125,7.5,7.515625,1685200
2000-08-04,7.578125,7.71875,7.40625,7.625,1264400
2000-08-07,7.6875,7.890625,7.671875,7.765625,1671200
2000-08-08,7.640625,7.953125,7.640625,7.78125,1000000
2000-08-09,7.875,8.1875,7.875,8.109375,1758800
2000-08-10,8.203125,8.359375,8.140625,8.328125,1058800
2000-08-11,8.328125,8.375,8.28125,8.3125,1610800
2000-08-14,8.296875,9.0,8.296875,8.8671875,2679200
2000-08-15,8.890625,9.109375,8.7890625,8.7890625,2820400
2000-08-16,8.8125,9.0625,8.78125,9.0625,1416000
2000-08-17,9.15625,9.390625,9.15625,9.3515625,1751200
2000-08-18,9.375,9.40625,8.96875,9.078125,1295600
2000-08-21,9.078125,9.265625,9.015625,9.0625,1512800
2000-08-22,9.0625,9.171875,8.921875,8.96875,1426000
2000-08-23,9.0625,9.4375,9.0625,9.4140625,974000
2000-08-24,9.4375,9.4375,9.1875,9.2109375,809600
2000-08-25,9.21875,9.5625,9.203125,9.546875,896000
2000-08-28,9.515625,9.65625,9.46875,9.4765625,1016000
2000-08-29,9.46875,9.734375,9.46875,9.5078125,961200
2000-08-30,9.53125,9.640625,9.484375,9.609375,1649200
2000-08-31,9.609375,9.78125,9.609375,9.6875,1562000
2000-09-01,9.703125,9.859375,9.703125,9.8359375,984000
2000-09-05,9.875,9.921875,9.703125,9.828125,1347200
2000-09-06,9.78125,10.34375,9.78125,10.328125,3726800
2000-09-07,10.375,10.375,10.140625,10.25,2186800
2000-09-08,10.265625,10.265625,9.984375,10.046875,990800
2000-09-11,10.0,10.328125,10.0,10.171875,1412800
2000-09-12,10.203125,10.28125,10.0625,10.125,580800
2000-09-13,10.171875,10.171875,9.703125,9.75,1129600
2000-09-14,9.765625,9.859375,9.609375,9.734375,1633200
2000-09-15,9.703125,10.15625,9.703125,10.0,1570000
2000-09-18,10.046875,10.203125,9.828125,9.859375,1002800
2000-09-19,9.859375,9.9375,9.453125,9.546875,1570000
2000-09-20,9.5625,9.953125,9.5625,9.5625,1386400
2000-09-21,9.46875,9.5,9.140625,9.140625,766800
2000-09-22,9.078125,9.375,9.015625,9.203125,2491200
2000-09-25,9.21875,9.21875,8.78125,9.125,1616800
2000-09-26,9.171875,9.390625,9.171875,9.3671875,1317200
2000-09-27,9.390625,9.484375,9.171875,9.34375,2379200
2000-09-28,9.34375,9.34375,9.140625,9.1875,1148000
2000-09-29,9.15625,9.53125,9.15625,9.28125,2979600
2000-10-02,9.34375,9.53125,9.21875,9.46875,1179600
2000-10-03,9.40625,9.484375,9.359375,9.40625,1130400
2000-10-04,9.4375,9.4375,9.03125,9.140625,1326000
2000-10-05,9.140625,9.140625,8.953125,9.015625,1682800
2000-10-06,9.046875,9.375,9.015625,9.03125,1429600
2000-10-09,9.0625,9.234375,8.953125,9.046875,764400
2000-10-10,9.109375,9.65625,9.109375,9.640625,2260400
2000-10-11,9.75,10.046875,9.75,9.984375,1720000
2000-10-12,10.0,10.546875,10.0,10.5,2376800
2000-10-13,10.484375,10.484375,10.109375,10.203125,6105600
2000-10-16,10.15625,10.25,10.078125,10.140625,2530000
2000-10-17,10.140625,10.453125,10.140625,10.359375,2245600
2000-10-18,10.484375,10.703125,10.390625,10.421875,1975600
2000-10-19,10.3125,10.578125,10.3125,10.375,1773600
2000-10-20,10.4375,10.59375,10.359375,10.5625,1505200
2000-10-23,10.609375,10.71875,10.34375,10.484375,1228000
2000-10-24,10.46875,10.515625,9.84375,9.84375,1368000
2000-10-25,9.875,9.890625,9.15625,9.1875,2340400
2000-10-26,9.3125,9.515625,9.28125,9.328125,1745200
2000-10-27,9.28125,9.28125,8.671875,8.875,2716800
2000-10-30,8.78125,9.140625,8.78125,9.125,1698800
2000-10-31,9.15625,9.25,9.015625,9.171875,1121600
2000-11-01,9.25,9.734375,9.25,9.609375,1604400
2000-11-02,9.625,9.625,9.171875,9.25,1360800
2000-11-03,9.125,9.40625,9.09375,9.171875,1146800
2000-11-06,9.203125,9.328125,9.015625,9.234375,1526400
2000-11-07,9.4375,9.515625,9.328125,9.484375,1383200
2000-11-08,9.453125,9.640625,9.453125,9.578125,1086400
2000-11-09,9.625,9.6875,9.234375,9.25,948800
2000-11-10,9.3125,9.46875,9.3125,9.3125,848000
2000-11-13,9.375,9.4375,9.046875,9.109375,1070400
2000-11-14,9.109375,9.34375,9.109375,9.3125,1053600
2000-11-15,9.375,9.796875,9.375,9.796875,2005600
2000-11-16,9.765625,10.203125,9.765625,10.15625,1622800
2000-11-17,10.15625,10.15625,9.921875,10.078125,1586800
2000-11-20,10.09375,10.203125,9.9375,9.953125,1720000
2000-11-21,10.0,10.1875,10.0,10.140625,1065200
2000-11-22,10.140625,10.1875,10.03125,10.140625,945600
2000-11-24,10.15625,10.328125,10.140625,10.234375,650800
2000-11-27,10.234375,10.265625,10.078125,10.15625,1201200
2000-11-28,10.1875,10.234375,9.96875,9.96875,1205600
2000-11-29,9.9375,9.9375,9.59375,9.6875,2018400
2000-11-30,9.65625,9.765625,9.28125,9.3125,2316400
2000-12-01,9.359375,9.640625,9.328125,9.515625,1959200
2000-12-04,9.640625,9.796875,9.625,9.71875,1142000
2000-12-05,9.71875,9.859375,9.4375,9.4375,991200
2000-12-06,9.578125,9.78125,9.40625,9.625,1276400
2000-12-07,9.75,9.9375,9.6875,9.828125,1659600
2000-12-08,9.859375,10.046875,9.59375,10.046875,918000
2000-12-11,10.078125,10.46875,10.078125,10.4375,1609200
2000-12-12,10.375,10.40625,10.203125,10.390625,1114800
2000-12-13,10.421875,10.421875,10.15625,10.203125,840400
2000-12-14,10.109375,10.234375,9.671875,9.75,2113600
2000-12-15,9.59375,10.078125,9.59375,9.921875,1862000
2000-12-18,9.953125,10.53125,9.953125,10.453125,2270400
2000-12-19,10.453125,10.609375,10.296875,10.328125,2372000
2000-12-20,10.265625,10.328125,10.015625,10.09375,863200
2000-12-21,10.1875,10.21875,10.0625,10.109375,1956400
2000-12-22,10.171875,10.328125,10.140625,10.296875,1236400
2000-12-26,10.5625,11.703125,10.5625,11.5,4718400
2000-12-27,11.5,11.59375,11.171875,11.484375,4108800
2000-12-28,11.5,12.015625,11.484375,11.921875,2792000
2000-12-29,11.96875,12.09375,11.390625,11.5,3629600
2001-01-02,11.4375,11.875,11.40625,11.4375,3524800
2001-01-03,11.40625,11.40625,10.515625,10.625,2342000
2001-01-04,10.5625,10.5625,10.140625,10.28125,2720800
2001-01-05,10.34375,10.734375,10.34375,10.734375,2132000
2001-01-08,10.765625,11.21875,10.75,11.078125,2359600
2001-01-09,11.046875,11.15625,10.734375,10.921875,2401200
2001-01-10,11.125,11.5,11.125,11.21875,3976000
2001-01-11,11.4375,11.546875,11.0625,11.09375,2592400
2001-01-12,11.15625,11.15625,10.890625,10.921875,1188800
2001-01-16,10.953125,11.359375,10.9375,11.328125,2675200
2001-01-17,11.265625,11.265625,10.5625,10.5625,2648000
2001-01-18,10.5625,10.5625,9.90625,10.25,4225600
2001-01-19,10.171875,10.4375,9.953125,10.28125,3324400
2001-01-22,10.34375,10.53125,10.3125,10.34375,2206800
2001-01-23,10.359375,10.78125,10.25,10.5625,2149200
2001-01-24,10.625,10.765625,10.546875,10.65625,1316800
2001-01-25,10.6875,11.046875,10.6875,10.90625,1276800
2001-01-26,10.953125,11.015625,10.65625,10.75,1934000
2001-01-29,10.662500381469727,10.975000381469727,10.630000114440918,10.789999961853027,1625200
2001-01-30,10.762499809265137,10.765000343322754,10.457500457763672,10.592499732971191,1396400
2001-01-31,10.524999618530273,10.789999961853027,10.522500038146973,10.59000015258789,1758800
2001-02-01,10.649999618530273,10.675000190734863,10.180000305175781,10.390000343322754,1833200
2001-02-02,10.390000343322754,11.100000381469727,10.390000343322754,11.037500381469727,2822400
2001-02-05,11.375,11.399999618530273,11.1899995803833,11.220000267028809,1859600
2001-02-06,11.22249984741211,11.75,11.149999618530273,11.717499732971191,3280800
2001-02-07,11.6850004196167,11.8125,11.362500190734863,11.694999694824219,2055600
2001-02-08,11.694999694824219,11.807499885559082,11.487500190734863,11.522500038146973,1656400
2001-02-09,11.520000457763672,11.800000190734863,11.520000457763672,11.71500015258789,1897200
2001-02-12,11.77750015258789,11.789999961853027,11.425000190734863,11.574999809265137,2170000
2001-02-13,11.524999618530273,11.72249984741211,11.375,11.680000305175781,2464000
2001-02-14,11.625,11.800000190734863,11.542499542236328,11.587499618530273,1753200
2001-02-15,11.449999809265137,11.512499809265137,11.100000381469727,11.194999694824219,2681200
2001-02-16,11.25,11.592499732971191,11.25,11.289999961853027,2056800
2001-02-20,11.475000381469727,11.5,11.27750015258789,11.399999618530273,1814800
2001-02-21,11.462499618530273,11.537500381469727,11.142499923706055,11.15250015258789,2130000
2001-02-22,11.212499618530273,11.350000381469727,11.042499542236328,11.072500228881836,2017600
2001-02-23,11.112500190734863,11.25,10.887499809265137,11.012499809265137,2733600
2001-02-26,11.074999809265137,11.395000457763672,11.020000457763672,11.337499618530273,1817200
2001-02-27,11.337499618530273,11.487500190734863,11.220000267028809,11.305000305175781,1515200
2001-02-28,11.267499923706055,11.267499923706055,10.994999885559082,11.087499618530273,2147200
2001-03-01,11.087499618530273,11.287500381469727,11.087499618530273,11.125,1492000
2001-03-02,11.1875,11.574999809265137,11.1875,11.545000076293945,1872800
2001-03-05,11.662500381469727,11.975000381469727,11.587499618530273,11.779999732971191,2312000
2001-03-06,11.805000305175781,11.954999923706055,11.717499732971191,11.845000267028809,2028800
2001-03-07,12.0,12.542499542236328,12.0,12.512499809265137,3925600
2001-03-08,12.375,12.7475004196167,12.350000381469727,12.587499618530273,3012400
2001-03-09,12.587499618530273,12.772500038146973,12.449999809265137,12.585000038146973,2336800
2001-03-12,12.3125,12.350000381469727,11.824999809265137,11.930000305175781,3076000
2001-03-13,11.912500381469727,11.930000305175781,11.425000190734863,11.632499694824219,2402400
2001-03-14,11.569999694824219,11.897500038146973,11.4399995803833,11.537500381469727,2684400
2001-03-15,11.595000267028809,11.732500076293945,11.25,11.307499885559082,1810400
2001-03-16,11.324999809265137,11.507499694824219,11.137499809265137,11.142499923706055,1630000
2001-03-19,11.162500381469727,11.425000190734863,11.162500381469727,11.295000076293945,2491200
2001-03-20,11.3125,11.800000190734863,11.287500381469727,11.710000038146973,2368000
2001-03-21,11.712499618530273,11.712499618530273,11.15999984741211,11.239999771118164,1624800
2001-03-22,11.1875,11.1875,10.25,10.5,4773200
2001-03-23,10.512499809265137,10.770000457763672,10.362500190734863,10.612500190734863,3185200
2001-03-26,10.675000190734863,10.875,10.537500381469727,10.654999732971191,2075600
2001-03-27,10.6875,10.7475004196167,10.274999618530273,10.574999809265137,1870400
2001-03-28,10.574999809265137,10.640000343322754,10.494999885559082,10.567500114440918,2194000
2001-03-29,10.512499809265137,10.512499809265137,10.125,10.180000305175781,1955600
2001-03-30,10.225000381469727,10.515000343322754,10.225000381469727,10.432499885559082,1961200
2001-04-02,10.524999618530273,10.550000190734863,9.662500381469727,9.744999885559082,3129600
2001-04-03,9.725000381469727,9.795000076293945,9.354999542236328,9.5,2258400
2001-04-04,9.5,9.862500190734863,9.5,9.6850004196167,2950400
2001-04-05,9.7475004196167,10.045000076293945,9.677499771118164,9.962499618530273,2110000
2001-04-06,9.949999809265137,10.162500381469727,9.737500190734863,10.125,2088800
2001-04-09,9.949999809265137,10.520000457763672,9.949999809265137,10.515000343322754,2528000
2001-04-10,10.6875,10.912500381469727,10.529999732971191,10.845000267028809,1910800
2001-04-11,10.824999809265137,10.827500343322754,10.515000343322754,10.625,2105200
2001-04-12,10.625,10.890000343322754,10.600000381469727,10.625,2156000
2001-04-16,10.600000381469727,11.007499694824219,10.600000381469727,10.97249984741211,1530800
2001-04-17,10.949999809265137,11.09000015258789,10.824999809265137,11.074999809265137,1950400
2001-04-18,11.0625,11.087499618530273,10.7524995803833,10.867500305175781,5154800
2001-04-19,10.867500305175781,10.867500305175781,10.265000343322754,10.3149995803833,2557200
2001-04-20,10.375,10.524999618530273,10.262499809265137,10.300000190734863,2394000
2001-04-23,10.324999809265137,10.600000381469727,10.324999809265137,10.537500381469727,3243200
2001-04-24,10.762499809265137,10.925000190734863,10.662500381469727,10.789999961853027,3465200
2001-04-25,10.852499961853027,11.102499961853027,10.699999809265137,11.052499771118164,2069200
2001-04-26,11.125,11.300000190734863,11.125,11.197500228881836,2535600
2001-04-27,11.175000190734863,11.177499771118164,10.925000190734863,11.010000228881836,1802800
2001-04-30,11.0625,11.192500114440918,10.75,10.867500305175781,2714400
2001-05-01,10.864999771118164,10.864999771118164,10.5,10.550000190734863,4230400
2001-05-02,10.425000190734863,10.427499771118164,9.897500038146973,9.989999771118164,4449600
2001-05-03,9.979999542236328,10.125,9.662500381469727,9.7524995803833,3496800
2001-05-04,9.75,10.024999618530273,9.75,9.9375,3145200
2001-05-07,10.087499618530273,10.164999961853027,9.787500381469727,9.824999809265137,3036800
2001-05-08,9.850000381469727,9.925000190734863,9.680000305175781,9.837499618530273,2616800
2001-05-09,9.887499809265137,10.180000305175781,9.887499809265137,10.180000305175781,3286000
2001-05-10,10.3125,10.352499961853027,10.149999618530273,10.1899995803833,2902400
2001-05-11,10.149999618530273,10.15250015258789,9.887499809265137,9.922499656677246,1629200
2001-05-14,9.922499656677246,10.537500381469727,9.922499656677246,10.454999923706055,2640800
2001-05-15,10.505000114440918,10.712499618530273,10.505000114440918,10.6225004196167,2104400
2001-05-16,10.574999809265137,10.845000267028809,10.537500381469727,10.737500190734863,1470400
2001-05-17,10.625,10.857500076293945,10.425000190734863,10.845000267028809,2476400
2001-05-18,10.9350004196167,11.1875,10.9350004196167,11.117500305175781,1418000
2001-05-21,11.0625,11.300000190734863,11.039999961853027,11.262499809265137,1435600
2001-05-22,11.225000381469727,11.225000381469727,11.052499771118164,11.154999732971191,2448800
2001-05-23,11.037500381469727,11.112500190734863,10.75,10.774999618530273,1877200
2001-05-24,10.75,10.762499809265137,10.399999618530273,10.477499961853027,2597600
2001-05-25,10.550000190734863,10.607500076293945,10.452500343322754,10.462499618530273,1187600
2001-05-29,10.5625,10.654999732971191,10.244999885559082,10.3100004196167,1770400
2001-05-30,10.324999809265137,10.399999618530273,9.97249984741211,10.149999618530273,2578800
2001-05-31,10.212499618530273,10.414999961853027,10.029999732971191,10.3774995803833,1992800
2001-06-01,10.425000190734863,10.507499694824219,10.167499542236328,10.345000267028809,1625600
2001-06-04,10.5,10.670000076293945,10.5,10.552499771118164,1656400
2001-06-05,10.555000305175781,10.654999732971191,10.442500114440918,10.542499542236328,1552800
2001-06-06,10.412500381469727,10.412500381469727,9.947500228881836,10.032500267028809,2300400
2001-06-07,10.032500267028809,10.032500267028809,9.675000190734863,9.739999771118164,3080400
2001-06-08,9.837499618530273,10.0,9.625,9.887499809265137,2778400
2001-06-11,10.024999618530273,10.092499732971191,9.949999809265137,10.029999732971191,2595200
2001-06-12,10.100000381469727,10.180000305175781,10.052499771118164,10.09000015258789,2385600
2001-06-13,10.212499618530273,10.350000381469727,9.835000038146973,9.864999771118164,2031200
2001-06-14,9.864999771118164,9.899999618530273,9.607500076293945,9.625,2395200
2001-06-15,9.5,9.720000267028809,9.5,9.649999618530273,2743200
2001-06-18,9.587499618530273,9.595000267028809,9.462499618530273,9.5,2059200
2001-06-19,9.5,9.5600004196167,9.327500343322754,9.432499885559082,1226000
2001-06-20,9.425000190734863,9.587499618530273,9.149999618530273,9.1899995803833,2119200
2001-06-21,9.170000076293945,9.232500076293945,8.75,8.862500190734863,2197200
2001-06-22,8.800000190734863,9.125,8.6850004196167,9.114999771118164,4004000
2001-06-25,9.112500190734863,9.22249984741211,8.9375,9.067500114440918,3379200
2001-06-26,9.037500381469727,9.300000190734863,8.949999809265137,9.2524995803833,2629200
2001-06-27,9.149999618530273,9.149999618530273,8.854999542236328,8.9975004196167,2704800
2001-06-28,8.9975004196167,9.012499809265137,8.5625,8.592499732971191,2968400
2001-06-29,8.649999618530273,8.897500038146973,8.59000015258789,8.837499618530273,4210800
2001-07-02,8.887499809265137,8.897500038146973,8.637499809265137,8.744999885559082,2901600
2001-07-03,8.675000190734863,8.84000015258789,8.675000190734863,8.762499809265137,1277600
2001-07-05,8.824999809265137,9.042499542236328,8.787500381469727,9.0024995803833,2446400
2001-07-06,9.100000381469727,9.15999984741211,8.824999809265137,9.102499961853027,1870400
2001-07-09,9.112500190734863,9.112500190734863,8.6225004196167,8.662500381469727,4157600
2001-07-10,8.774999618530273,8.912500381469727,8.547499656677246,8.6225004196167,3210000
2001-07-11,8.6875,8.6875,8.1875,8.399999618530273,3916000
2001-07-12,8.425000190734863,8.600000381469727,8.229999542236328,8.274999618530273,3547600
2001-07-13,8.27750015258789,8.642499923706055,8.199999809265137,8.507499694824219,2380400
2001-07-16,8.512499809265137,8.699999809265137,8.042499542236328,8.0649995803833,2422400
2001-07-17,8.1875,8.279999732971191,7.974999904632568,8.057499885559082,2135600
2001-07-18,7.949999809265137,8.074999809265137,7.712500095367432,7.985000133514404,2136800
2001-07-19,8.037500381469727,8.210000038146973,8.024999618530273,8.095000267028809,1651600
2001-07-20,8.212499618530273,8.512499809265137,8.149999618530273,8.489999771118164,2139200
2001-07-23,8.625,8.680000305175781,8.552499771118164,8.600000381469727,2375600
2001-07-24,8.600000381469727,8.702500343322754,8.460000038146973,8.524999618530273,2827600
2001-07-25,8.712499618530273,9.092499732971191,8.4350004196167,9.029999732971191,3443600
2001-07-26,9.024999618530273,9.15999984741211,8.837499618530273,9.117500305175781,2984000
2001-07-27,9.117500305175781,9.475000381469727,9.0,9.444999694824219,2040000
2001-07-30,9.350000381469727,9.547499656677246,9.22249984741211,9.234999656677246,1619200
2001-07-31,9.2475004196167,9.512499809265137,9.057499885559082,9.067500114440918,2030000
2001-08-01,9.162500381469727,9.350000381469727,8.912500381469727,8.987500190734863,2574000
2001-08-02,9.037500381469727,9.137499809265137,8.850000381469727,9.074999809265137,1623200
2001-08-03,9.0625,9.125,8.850000381469727,8.925000190734863,1268000
2001-08-06,8.862500190734863,9.100000381469727,8.737500190734863,8.824999809265137,1344000
2001-08-07,8.875,8.949999809265137,8.737500190734863,8.800000190734863,711600
2001-08-08,8.837499618530273,8.977499961853027,8.46500015258789,8.520000457763672,2551200
2001-08-09,8.515000343322754,8.612500190734863,8.407500267028809,8.550000190734863,1045600
2001-08-10,8.537500381469727,8.675000190734863,8.512499809265137,8.59000015258789,1374000
2001-08-13,8.625,8.797499656677246,8.600000381469727,8.697500228881836,1002400
2001-08-14,8.850000381469727,8.947500228881836,8.727499961853027,8.927499771118164,1448800
2001-08-15,8.987500190734863,9.487500190734863,8.9375,9.417499542236328,2958800
2001-08-16,9.487500190734863,9.512499809265137,9.137499809265137,9.397500038146973,2982800
2001-08-17,9.399999618530273,9.412500381469727,9.199999809265137,9.262499809265137,1321200
2001-08-20,9.265000343322754,9.265000343322754,9.045000076293945,9.0625,1053200
2001-08-21,9.0649995803833,9.1875,9.024999618530273,9.055000305175781,839200
2001-08-22,9.180000305175781,9.412500381469727,8.875,8.925000190734863,2366800
2001-08-23,8.962499618530273,8.962499618530273,8.649999618530273,8.699999809265137,2096400
2001-08-24,8.75,8.7524995803833,8.444999694824219,8.577500343322754,1762800
2001-08-27,8.577500343322754,8.647500038146973,8.545000076293945,8.574999809265137,1176000
2001-08-28,8.574999809265137,8.625,8.505000114440918,8.577500343322754,1005200
2001-08-29,8.600000381469727,8.800000190734863,8.5,8.6274995803833,2459200
2001-08-30,8.625,8.697500228881836,8.350000381469727,8.432499885559082,1156000
2001-08-31,8.412500381469727,8.537500381469727,8.300000190734863,8.4375,1524800
2001-09-04,8.5625,8.6850004196167,8.537500381469727,8.5625,1431200
2001-09-05,8.587499618530273,8.637499809265137,8.392499923706055,8.567500114440918,1768800
2001-09-06,8.569999694824219,8.692500114440918,8.529999732971191,8.6225004196167,1832400
2001-09-07,8.6225004196167,8.787500381469727,8.537500381469727,8.704999923706055,1650000
2001-09-10,8.6875,8.845000267028809,8.604999542236328,8.800000190734863,1999200
2001-09-17,9.0,9.149999618530273,8.550000190734863,8.587499618530273,2904000
2001-09-18,8.612500190734863,8.625,8.010000228881836,8.112500190734863,1380800
2001-09-19,8.100000381469727,8.100000381469727,7.519999980926514,7.767499923706055,3151600
2001-09-20,7.75,8.015000343322754,7.59499979019165,7.767499923706055,2160400
2001-09-21,7.767499923706055,8.0,7.525000095367432,7.8125,2555200
2001-09-24,7.8125,7.949999809265137,7.337500095367432,7.337500095367432,2590800
2001-09-25,7.287499904632568,7.349999904632568,6.875,7.087500095367432,2871600
2001-09-26,7.025000095367432,7.3125,6.900000095367432,6.945000171661377,3605600
2001-09-27,6.949999809265137,7.449999809265137,6.949999809265137,7.349999904632568,3176000
2001-09-28,7.474999904632568,7.8125,7.387499809265137,7.747499942779541,2918400
2001-10-01,7.695000171661377,7.755000114440918,7.5,7.630000114440918,3530400
2001-10-02,7.574999809265137,7.795000076293945,7.574999809265137,7.787499904632568,1221600
2001-10-03,7.6875,7.875,7.632500171661377,7.875,1380800
2001-10-04,7.892499923706055,8.272500038146973,7.892499923706055,8.1899995803833,3068400
2001-10-05,8.1899995803833,8.375,7.912499904632568,8.3100004196167,1716800
2001-10-08,8.274999618530273,8.574999809265137,8.167499542236328,8.380000114440918,1236000
2001-10-09,8.52750015258789,8.550000190734863,8.3125,8.475000381469727,1431600
2001-10-10,8.487500190734863,8.9350004196167,8.447500228881836,8.920000076293945,2328000
2001-10-11,8.920000076293945,9.149999618530273,8.805000305175781,8.984999656677246,2150400
2001-10-12,8.982500076293945,9.037500381469727,8.677499771118164,8.944999694824219,2236800
2001-10-15,8.925000190734863,8.987500190734863,8.579999923706055,8.664999961853027,2010400
2001-10-16,8.75,9.157500267028809,8.710000038146973,9.082500457763672,1570000
2001-10-17,9.25,9.287500381469727,8.954999923706055,8.970000267028809,1524000
2001-10-18,8.882499694824219,8.892499923706055,8.587499618530273,8.72249984741211,2106400
2001-10-19,8.697500228881836,9.0625,8.387499809265137,8.977499961853027,3115200
2001-10-22,9.0,9.137499809265137,8.727499961853027,8.960000038146973,2186000
2001-10-23,8.975000381469727,9.135000228881836,8.787500381469727,8.835000038146973,2816400
2001-10-24,8.6875,9.147500038146973,8.675000190734863,9.029999732971191,3010800
2001-10-25,9.092499732971191,9.46500015258789,9.037500381469727,9.46500015258789,2034000
2001-10-26,9.487500190734863,9.729999542236328,9.487500190734863,9.677499771118164,1726800
2001-10-29,9.739999771118164,10.0,9.654999732971191,9.787500381469727,1988000
2001-10-30,9.555000305175781,9.557499885559082,9.274999618530273,9.322500228881836,1769600
2001-10-31,9.3725004196167,9.5,9.147500038146973,9.242500305175781,2711600
2001-11-01,9.295000076293945,9.494999885559082,9.100000381469727,9.444999694824219,2070800
2001-11-02,9.382499694824219,9.382499694824219,9.125,9.1875,1762000
2001-11-05,9.1875,9.274999618530273,8.96500015258789,8.9975004196167,1255600
2001-11-06,8.875,9.055000305175781,8.712499618530273,9.037500381469727,1955600
2001-11-07,8.962499618530273,9.279999732971191,8.880000114440918,9.180000305175781,1940800
2001-11-08,9.274999618530273,9.397500038146973,9.125,9.272500038146973,1219200
2001-11-09,9.397500038146973,9.59749984741211,9.327500343322754,9.399999618530273,1933200
2001-11-12,9.25,9.367500305175781,9.135000228881836,9.342499732971191,1266000
2001-11-13,9.342499732971191,9.350000381469727,9.15250015258789,9.282500267028809,1439200
2001-11-14,8.975000381469727,9.029999732971191,8.774999618530273,8.782500267028809,1607200
2001-11-15,7.912499904632568,8.072500228881836,7.775000095367432,7.902500152587891,4353600
2001-11-16,7.987500190734863,8.15250015258789,7.802499771118164,8.145000457763672,2712800
2001-11-19,8.1225004196167,8.149999618530273,7.862500190734863,8.125,2190800
2001-11-20,8.300000190734863,8.489999771118164,8.25,8.4375,3163200
2001-11-21,8.4375,8.46500015258789,8.102499961853027,8.244999885559082,1736400
2001-11-23,7.875,8.375,7.875,8.34749984741211,1361200
2001-11-26,8.244999885559082,8.262499809265137,8.067500114440918,8.227499961853027,1736400
2001-11-27,8.227499961853027,8.457500457763672,8.074999809265137,8.350000381469727,2493200
2001-11-28,8.212499618530273,8.319999694824219,8.087499618530273,8.135000228881836,2685200
2001-11-29,8.135000228881836,8.25,8.100000381469727,8.225000381469727,2307600
2001-11-30,8.225000381469727,8.232500076293945,8.074999809265137,8.175000190734863,1477600
2001-12-03,8.112500190734863,8.3125,8.0,8.255000114440918,2801600
2001-12-04,8.232500076293945,8.3774995803833,8.149999618530273,8.359999656677246,3183200
2001-12-05,8.5,8.670000076293945,8.462499618530273,8.487500190734863,1799200
2001-12-06,8.449999809265137,8.529999732971191,8.3125,8.3125,1485600
2001-12-07,8.175000190734863,8.327500343322754,8.077500343322754,8.300000190734863,3262000
2001-12-10,8.175000190734863,8.3100004196167,8.135000228881836,8.282500267028809,1836800
2001-12-11,8.25,8.274999618530273,8.087499618530273,8.100000381469727,1728400
2001-12-12,8.087499618530273,8.087499618530273,7.767499923706055,7.829999923706055,2537200
2001-12-13,7.550000190734863,7.849999904632568,7.5,7.715000152587891,2114000
2001-12-14,7.800000190734863,7.909999847412109,7.704999923706055,7.84250020980835,2296800
2001-12-17,7.78000020980835,7.96999979019165,7.712500095367432,7.769999980926514,1351600
2001-12-18,7.800000190734863,8.010000228881836,7.724999904632568,7.997499942779541,2796400
2001-12-19,7.974999904632568,8.302499771118164,7.965000152587891,8.267499923706055,1990400
2001-12-20,8.267499923706055,8.53499984741211,8.237500190734863,8.265000343322754,2060800
2001-12-21,8.399999618530273,8.517499923706055,8.345000267028809,8.40250015258789,2457200
2001-12-24,8.46500015258789,8.682499885559082,8.462499618530273,8.462499618530273,844800
2001-12-26,8.574999809265137,8.787500381469727,8.5625,8.697500228881836,2235200
2001-12-27,8.675000190734863,8.787500381469727,8.574999809265137,8.739999771118164,2037600
2001-12-28,8.835000038146973,8.987500190734863,8.725000381469727,8.90250015258789,865200
2001-12-31,8.90250015258789,8.975000381469727,8.787500381469727,8.822500228881836,1098000
2002-01-02,8.760000228881836,8.774999618530273,8.512499809265137,8.677499771118164,3222400
2002-01-03,8.677499771118164,8.75,8.515000343322754,8.5600004196167,2278400
2002-01-04,8.600000381469727,8.675000190734863,8.585000038146973,8.649999618530273,1949200
2002-01-07,8.587499618530273,8.779999732971191,8.582500457763672,8.720000267028809,1783200
2002-01-08,8.72249984741211,8.72249984741211,8.569999694824219,8.625,1158000
2002-01-09,8.475000381469727,8.725000381469727,8.274999618530273,8.537500381469727,3511600
2002-01-10,8.462499618530273,8.5,8.399999618530273,8.425000190734863,749600
2002-01-11,8.425000190734863,8.425000190734863,8.202500343322754,8.212499618530273,1695200
2002-01-14,8.050000190734863,8.265000343322754,8.024999618530273,8.114999771118164,1977200
2002-01-15,8.149999618530273,8.367500305175781,8.149999618530273,8.272500038146973,1806400
2002-01-16,8.272500038146973,8.272500038146973,8.137499809265137,8.1875,1304000
2002-01-17,8.202500343322754,8.212499618530273,8.09000015258789,8.100000381469727,948800
2002-01-18,8.130000114440918,8.180000305175781,8.024999618530273,8.045000076293945,797200
2002-01-22,8.050000190734863,8.109999656677246,7.940000057220459,8.007499694824219,730000
2002-01-23,8.017499923706055,8.1225004196167,8.017499923706055,8.072500228881836,3279600
2002-01-24,8.087499618530273,8.3725004196167,8.050000190734863,8.327500343322754,1556400
2002-01-25,8.324999809265137,8.5,8.3125,8.467499732971191,1260000
2002-01-28,8.467499732971191,8.510000228881836,8.262499809265137,8.287500381469727,1320400
2002-01-29,8.199999809265137,8.3125,7.952499866485596,8.177499771118164,2332800
2002-01-30,7.75,8.112500190734863,7.724999904632568,8.112500190734863,3301600
2002-01-31,8.112500190734863,8.297499656677246,8.104999542236328,8.125,3063600
2002-02-01,8.175000190734863,8.25,7.987500190734863,8.095000267028809,3141200
2002-02-04,8.0625,8.069999694824219,7.837500095367432,7.849999904632568,1243200
2002-02-05,7.75,7.875,7.690000057220459,7.815000057220459,2034400
2002-02-06,7.817500114440918,8.039999961853027,7.817500114440918,7.987500190734863,2977200
2002-02-07,7.977499961853027,7.987500190734863,7.847499847412109,7.974999904632568,3332400
2002-02-08,7.974999904632568,8.050000190734863,7.869999885559082,8.045000076293945,3278000
2002-02-11,7.949999809265137,8.180000305175781,7.90749979019165,8.112500190734863,1809600
2002-02-12,7.987500190734863,8.100000381469727,7.9375,8.057499885559082,1793600
2002-02-13,8.024999618530273,8.125,7.96999979019165,8.125,2104400
2002-02-14,8.125,8.302499771118164,8.119999885559082,8.25,1235600
2002-02-15,8.2524995803833,8.272500038146973,8.149999618530273,8.180000305175781,932000
2002-02-19,8.050000190734863,8.257499694824219,8.032500267028809,8.1875,1190800
2002-02-20,8.1875,8.234999656677246,8.077500343322754,8.140000343322754,1321200
2002-02-21,8.199999809265137,8.420000076293945,8.1875,8.3100004196167,1187600
2002-02-22,8.362500190734863,8.612500190734863,8.34000015258789,8.537500381469727,1527200
2002-02-25,8.5625,8.954999923706055,8.5625,8.9375,2393200
2002-02-26,8.9399995803833,8.949999809265137,8.770000457763672,8.942500114440918,1190800
2002-02-27,8.944999694824219,9.050000190734863,8.779999732971191,8.8125,1424800
2002-02-28,8.8149995803833,9.050000190734863,8.8149995803833,9.050000190734863,2018000
2002-03-01,9.050000190734863,9.164999961853027,9.007499694824219,9.157500267028809,1301200
2002-03-04,9.15999984741211,9.3100004196167,9.157500267028809,9.3100004196167,902000
2002-03-05,9.397500038146973,9.397500038146973,9.175000190734863,9.28499984741211,912400
2002-03-06,9.324999809265137,9.637499809265137,9.300000190734863,9.635000228881836,1419600
2002-03-07,9.697500228881836,9.9375,9.697500228881836,9.760000228881836,1677200
2002-03-08,9.760000228881836,9.767499923706055,9.362500190734863,9.517499923706055,2044400
2002-03-11,9.550000190734863,9.587499618530273,9.350000381469727,9.427499771118164,2100000
2002-03-12,9.25,9.387499809265137,9.25,9.357500076293945,1842000
2002-03-13,9.369999885559082,9.475000381469727,9.232500076293945,9.307499885559082,1830800
2002-03-14,9.3100004196167,9.359999656677246,9.170000076293945,9.34000015258789,1096400
2002-03-15,9.475000381469727,9.619999885559082,9.425000190734863,9.569999694824219,2056400
2002-03-18,9.612500190734863,9.744999885559082,9.5,9.710000038146973,1177600
2002-03-19,9.712499618530273,10.0,9.712499618530273,9.932499885559082,1444000
2002-03-20,9.887499809265137,9.97249984741211,9.737500190734863,9.8774995803833,1243200
2002-03-21,9.8774995803833,9.925000190734863,9.670000076293945,9.850000381469727,1694800
2002-03-22,9.774999618530273,9.77750015258789,9.467499732971191,9.487500190734863,1224400
2002-03-25,9.462499618530273,9.675000190734863,9.425000190734863,9.5649995803833,1172000
2002-03-26,9.5649995803833,9.607500076293945,9.395000457763672,9.537500381469727,1342000
2002-03-27,9.6875,9.890000343322754,9.680000305175781,9.880000114440918,1368000
2002-03-28,9.760000228881836,9.9375,9.755000114440918,9.765000343322754,1259600
2002-04-01,9.75,10.0649995803833,9.75,10.0,2513200
2002-04-02,10.074999809265137,10.1899995803833,10.037500381469727,10.112500190734863,2104800
2002-04-03,10.050000190734863,10.050000190734863,9.792499542236328,9.90250015258789,1923200
2002-04-04,9.850000381469727,9.962499618530273,9.550000190734863,9.604999542236328,1939200
2002-04-05,9.604999542236328,9.662500381469727,9.397500038146973,9.475000381469727,1690800
2002-04-08,9.712499618530273,9.862500190734863,9.582500457763672,9.717499732971191,1759200
2002-04-09,9.717499732971191,9.717499732971191,9.462499618530273,9.520000457763672,1137600
2002-04-10,9.522500038146973,9.805000305175781,9.5,9.779999732971191,1069600
2002-04-11,9.725000381469727,9.975000381469727,9.649999618530273,9.742500305175781,1266400
2002-04-12,9.537500381469727,9.539999961853027,9.1875,9.232500076293945,3149600
2002-04-15,9.387499809265137,9.649999618530273,9.387499809265137,9.555000305175781,2082000
2002-04-16,9.587499618530273,9.65250015258789,9.507499694824219,9.545000076293945,1438000
2002-04-17,9.712499618530273,9.882499694824219,9.680000305175781,9.852499961853027,1205600
2002-04-18,9.854999542236328,9.9975004196167,9.78499984741211,9.78499984741211,2029200
2002-04-19,9.78499984741211,9.887499809265137,9.600000381469727,9.819999694824219,1234400
2002-04-22,9.819999694824219,9.927499771118164,9.6875,9.720000267028809,592800
2002-04-23,9.72249984741211,10.0,9.680000305175781,9.887499809265137,2310000
2002-04-24,9.737500190734863,9.8149995803833,9.587499618530273,9.635000228881836,2429200
2002-04-25,9.637499809265137,9.762499809265137,9.507499694824219,9.712499618530273,2009200
2002-04-26,9.675000190734863,9.725000381469727,9.619999885559082,9.670000076293945,1026000
2002-04-29,9.670000076293945,9.682499885559082,9.5,9.6274995803833,1371200
2002-04-30,9.600000381469727,9.795000076293945,9.600000381469727,9.762499809265137,1389200
2002-05-01,9.765000343322754,9.895000457763672,9.675000190734863,9.8725004196167,1598000
2002-05-02,9.800000190734863,9.932499885559082,9.725000381469727,9.862500190734863,980000
2002-05-03,9.882499694824219,10.024999618530273,9.859999656677246,9.947500228881836,2291600
2002-05-06,9.75,9.807499885559082,9.637499809265137,9.640000343322754,3312800
2002-05-07,9.642499923706055,9.712499618530273,9.524999618530273,9.649999618530273,1764000
2002-05-08,9.774999618530273,9.949999809265137,9.774999618530273,9.9399995803833,1198800
2002-05-09,9.925000190734863,9.989999771118164,9.795000076293945,9.800000190734863,986800
2002-05-10,9.8125,9.907500267028809,9.760000228881836,9.772500038146973,1129200
2002-05-13,9.772500038146973,9.979999542236328,9.697500228881836,9.975000381469727,1214400
2002-05-14,10.0,10.0600004196167,9.9375,10.029999732971191,995600
2002-05-15,9.930000305175781,9.9375,9.675000190734863,9.725000381469727,1278400
2002-05-16,9.725000381469727,9.914999961853027,9.710000038146973,9.822500228881836,948400
2002-05-17,9.699999809265137,9.710000038146973,9.53499984741211,9.600000381469727,1463200
2002-05-20,9.5625,9.59000015258789,9.475000381469727,9.552499771118164,953600
2002-05-21,9.539999961853027,9.675000190734863,9.515000343322754,9.547499656677246,1062000
2002-05-22,9.5,9.682499885559082,9.452500343322754,9.65999984741211,796400
2002-05-23,9.662500381469727,9.760000228881836,9.537500381469727,9.727499961853027,872400
2002-05-24,9.699999809265137,9.699999809265137,9.552499771118164,9.654999732971191,1201200
2002-05-28,9.6875,9.6875,9.507499694824219,9.567500114440918,899200
2002-05-29,9.512499809265137,9.545000076293945,9.329999923706055,9.522500038146973,1934800
2002-05-30,9.375,9.507499694824219,9.274999618530273,9.324999809265137,1105600
2002-05-31,9.375,9.600000381469727,9.362500190734863,9.539999961853027,1573600
2002-06-03,9.539999961853027,9.539999961853027,9.244999885559082,9.244999885559082,1083200
2002-06-04,9.270000457763672,9.392499923706055,9.145000457763672,9.244999885559082,1320400
2002-06-05,9.199999809265137,9.199999809265137,9.039999961853027,9.100000381469727,1006400
2002-06-06,9.237500190734863,9.28499984741211,8.942500114440918,9.0600004196167,1000800
2002-06-07,9.0600004196167,9.197500228881836,9.007499694824219,9.140000343322754,1378400
2002-06-10,9.087499618530273,9.225000381469727,8.862500190734863,8.880000114440918,818800
2002-06-11,8.899999618530273,8.962499618530273,8.707500457763672,8.755000114440918,1160000
2002-06-12,8.817500114440918,8.897500038146973,8.75,8.835000038146973,914000
2002-06-13,8.835000038146973,9.067500114440918,8.739999771118164,8.907500267028809,1245600
2002-06-14,8.737500190734863,8.9375,8.675000190734863,8.914999961853027,2178000
2002-06-17,9.107500076293945,9.194999694824219,9.022500038146973,9.1850004196167,808000
2002-06-18,9.1850004196167,9.229999542236328,9.0625,9.09000015258789,1325600
2002-06-19,9.02750015258789,9.132499694824219,8.96500015258789,8.97249984741211,1271200
2002-06-20,9.09000015258789,9.142499923706055,8.9375,8.967499732971191,1012800
2002-06-21,8.887499809265137,9.012499809265137,8.757499694824219,8.90250015258789,990400
2002-06-24,8.925000190734863,9.017499923706055,8.859999656677246,8.994999885559082,1048000
2002-06-25,9.074999809265137,9.175000190734863,8.970000267028809,9.0,930800
2002-06-26,8.949999809265137,8.97249984741211,8.819999694824219,8.957500457763672,1193600
2002-06-27,8.960000038146973,9.022500038146973,8.824999809265137,8.957500457763672,936400
2002-06-28,8.957500457763672,9.072500228881836,8.957500457763672,9.012499809265137,1353200
2002-07-01,8.987500190734863,9.085000038146973,8.90999984741211,8.927499771118164,901200
2002-07-02,8.962499618530273,9.007499694824219,8.635000228881836,8.6899995803833,1006800
2002-07-03,8.6899995803833,8.795000076293945,8.387499809265137,8.640000343322754,1517600
2002-07-05,8.65999984741211,8.875,8.654999732971191,8.875,516800
2002-07-08,8.824999809265137,8.837499618530273,8.609999656677246,8.625,1015600
2002-07-09,8.6274995803833,8.662500381469727,8.5625,8.567500114440918,964400
2002-07-10,8.625,8.649999618530273,8.300000190734863,8.319999694824219,1110800
2002-07-11,8.274999618530273,8.274999618530273,8.055000305175781,8.092499732971191,1403600
2002-07-12,8.112500190734863,8.225000381469727,7.827499866485596,7.965000152587891,2091200
2002-07-15,8.037500381469727,8.037500381469727,7.574999809265137,7.90500020980835,1642400
2002-07-16,7.887499809265137,7.962500095367432,7.712500095367432,7.840000152587891,2053200
2002-07-17,7.974999904632568,8.095000267028809,7.730000019073486,7.864999771118164,1432000
2002-07-18,7.862500190734863,7.972499847412109,7.712500095367432,7.744999885559082,814800
2002-07-19,7.724999904632568,7.724999904632568,7.414999961853027,7.465000152587891,1767200
2002-07-22,7.462500095367432,7.554999828338623,6.925000190734863,6.942500114440918,1895600
2002-07-23,7.025000095367432,7.085000038146973,6.789999961853027,6.877500057220459,2107600
2002-07-24,6.862500190734863,7.15500020980835,6.662499904632568,7.15500020980835,2686400
2002-07-25,7.125,7.287499904632568,6.962500095367432,7.119999885559082,2037600
2002-07-26,7.125,7.300000190734863,7.074999809265137,7.275000095367432,1081200
2002-07-29,7.394999980926514,7.762499809265137,7.394999980926514,7.737500190734863,1348400
2002-07-30,7.800000190734863,7.800000190734863,7.537499904632568,7.692500114440918,1106400
2002-07-31,7.692500114440918,7.800000190734863,7.607500076293945,7.772500038146973,892000
2002-08-01,7.802499771118164,7.802499771118164,7.425000190734863,7.4375,1210800
2002-08-02,7.400000095367432,7.539999961853027,7.21999979019165,7.40749979019165,1318000
2002-08-05,7.432499885559082,7.487500190734863,7.137499809265137,7.137499809265137,1182000
2002-08-06,7.175000190734863,7.462500095367432,7.175000190734863,7.360000133514404,1236800
2002-08-07,7.449999809265137,7.449999809265137,7.300000190734863,7.377500057220459,1712400
2002-08-08,7.3125,7.6875,7.3125,7.625,1289200
2002-08-09,7.627500057220459,7.885000228881836,7.449999809265137,7.880000114440918,1615200
2002-08-12,7.849999904632568,8.074999809265137,7.757500171661377,8.012499809265137,1245200
2002-08-13,8.012499809265137,8.012499809265137,7.769999980926514,7.809999942779541,1226800
2002-08-14,8.0,8.0,7.730000019073486,7.917500019073486,1630800
2002-08-15,7.952499866485596,8.270000457763672,7.952499866485596,8.212499618530273,1640000
2002-08-16,8.212499618530273,8.212499618530273,8.052499771118164,8.172499656677246,2407600
2002-08-19,8.175000190734863,8.329999923706055,8.052499771118164,8.21500015258789,1215200
2002-08-20,8.15250015258789,8.157500267028809,7.952499866485596,8.042499542236328,1118400
2002-08-21,8.050000190734863,8.149999618530273,7.9375,8.147500038146973,1030400
2002-08-22,8.149999618530273,8.385000228881836,8.149999618530273,8.307499885559082,1158400
2002-08-23,8.282500267028809,8.324999809265137,8.199999809265137,8.227499961853027,684400
2002-08-26,8.237500190734863,8.390000343322754,8.180000305175781,8.390000343322754,650800
2002-08-27,8.550000190734863,8.550000190734863,8.387499809265137,8.454999923706055,1120000
2002-08-28,8.454999923706055,8.454999923706055,8.212499618530273,8.255000114440918,722800
2002-08-29,8.225000381469727,8.3125,8.102499961853027,8.244999885559082,1077600
2002-08-30,8.25,8.4375,8.25,8.337499618530273,2136000
2002-09-03,8.1875,8.199999809265137,7.925000190734863,7.977499961853027,1927200
2002-09-04,8.0,8.039999961853027,7.724999904632568,7.892499923706055,2242800
2002-09-05,7.892499923706055,7.972499847412109,7.849999904632568,7.880000114440918,1494000
2002-09-06,8.0,8.0625,7.9375,8.024999618530273,760400
2002-09-09,8.024999618530273,8.057499885559082,7.917500019073486,7.982500076293945,812800
2002-09-10,8.0,8.15250015258789,7.977499961853027,8.137499809265137,668800
2002-09-11,8.212499618530273,8.212499618530273,8.09749984741211,8.09749984741211,452000
2002-09-12,8.100000381469727,8.125,7.90749979019165,7.949999809265137,950400
2002-09-13,7.949999809265137,8.112500190734863,7.869999885559082,8.074999809265137,631600
2002-09-16,8.074999809265137,8.175000190734863,7.972499847412109,8.130000114440918,762800
2002-09-17,8.087499618530273,8.09000015258789,7.862500190734863,7.957499980926514,990400
2002-09-18,7.900000095367432,8.069999694824219,7.84499979019165,7.994999885559082,780400
2002-09-19,7.960000038146973,8.055000305175781,7.864999771118164,7.864999771118164,1056800
2002-09-20,7.960000038146973,7.960000038146973,7.827499866485596,7.840000152587891,976800
2002-09-23,7.900000095367432,8.052499771118164,7.832499980926514,7.894999980926514,1047600
2002-09-24,7.897500038146973,8.037500381469727,7.804999828338623,7.9375,2335600
2002-09-25,8.037500381469727,8.279999732971191,7.952499866485596,8.197500228881836,1565200
2002-09-26,8.237500190734863,8.547499656677246,8.234999656677246,8.520000457763672,1303200
2002-09-27,8.505000114440918,8.75,8.457500457763672,8.475000381469727,1072400
2002-09-30,8.425000190734863,8.579999923706055,8.319999694824219,8.492500305175781,1177600
2002-10-01,8.5,8.635000228881836,8.4375,8.625,1001600
2002-10-02,8.600000381469727,8.9399995803833,8.569999694824219,8.609999656677246,1730000
2002-10-03,8.587499618530273,8.807499885559082,8.470000267028809,8.712499618530273,1799200
2002-10-04,8.887499809265137,8.887499809265137,8.5625,8.630000114440918,1597600
2002-10-07,8.600000381469727,8.742500305175781,8.4399995803833,8.494999885559082,1318800
2002-10-08,8.524999618530273,8.550000190734863,8.175000190734863,8.25,1608800
2002-10-09,8.137499809265137,8.242500305175781,7.900000095367432,8.045000076293945,1004800
2002-10-10,7.994999885559082,8.170000076293945,7.887499809265137,8.167499542236328,867600
2002-10-11,8.287500381469727,8.3125,8.137499809265137,8.202500343322754,1234000
2002-10-14,8.202500343322754,8.550000190734863,8.175000190734863,8.5,1038800
2002-10-15,8.75,8.770000457763672,8.65999984741211,8.697500228881836,1104400
2002-10-16,8.662500381469727,8.792499542236328,8.5600004196167,8.595000267028809,887600
2002-10-17,8.712499618530273,8.854999542236328,8.649999618530273,8.850000381469727,599600
2002-10-18,8.852499961853027,8.895000457763672,8.717499732971191,8.757499694824219,997600
2002-10-21,8.694999694824219,8.975000381469727,8.677499771118164,8.930000305175781,886000
2002-10-22,8.850000381469727,8.850000381469727,8.404999732971191,8.574999809265137,1487600
2002-10-23,8.512499809265137,8.962499618530273,8.512499809265137,8.947500228881836,1748400
2002-10-24,8.975000381469727,9.024999618530273,8.850000381469727,8.912500381469727,2022800
2002-10-25,8.887499809265137,8.890000343322754,8.727499961853027,8.802499771118164,2236000
2002-10-28,8.864999771118164,9.024999618530273,8.802499771118164,8.944999694824219,1858400
2002-10-29,8.899999618530273,8.899999618530273,8.712499618530273,8.842499732971191,2278400
2002-10-30,8.875,9.25,8.770000457763672,9.135000228881836,2110000
2002-10-31,9.212499618530273,9.324999809265137,9.010000228881836,9.09749984741211,1903200
2002-11-01,9.0625,9.255000114440918,9.0600004196167,9.237500190734863,1814800
2002-11-04,9.345000267028809,9.345000267028809,9.114999771118164,9.1875,2273600
2002-11-05,9.212499618530273,9.212499618530273,9.0625,9.1899995803833,1441600
2002-11-06,9.199999809265137,9.3125,9.02750015258789,9.267499923706055,1464800
2002-11-07,9.287500381469727,9.3149995803833,9.164999961853027,9.239999771118164,1749600
2002-11-08,9.239999771118164,9.239999771118164,9.125,9.1850004196167,1928400
2002-11-11,9.1850004196167,9.229999542236328,8.96500015258789,9.074999809265137,1057200
2002-11-12,9.112500190734863,9.15250015258789,8.944999694824219,8.977499961853027,1420400
2002-11-13,8.949999809265137,9.057499885559082,8.5649995803833,8.600000381469727,1416800
2002-11-14,8.649999618530273,8.842499732971191,8.649999618530273,8.755000114440918,1658000
2002-11-15,8.737500190734863,8.797499656677246,8.699999809265137,8.77750015258789,1174800
2002-11-18,8.84000015258789,8.8774995803833,8.702500343322754,8.867500305175781,1378800
2002-11-19,8.869999885559082,8.944999694824219,8.782500267028809,8.800000190734863,885200
2002-11-20,8.805000305175781,9.300000190734863,8.805000305175781,9.300000190734863,1954800
2002-11-21,9.324999809265137,9.425000190734863,9.25,9.404999732971191,1914400
2002-11-22,9.404999732971191,9.404999732971191,9.074999809265137,9.077500343322754,988400
2002-11-25,9.09000015258789,9.194999694824219,9.032500267028809,9.15999984741211,724400
2002-11-26,9.147500038146973,9.147500038146973,8.887499809265137,8.899999618530273,878000
2002-11-27,8.9375,9.317500114440918,8.912500381469727,9.145000457763672,728000
2002-11-29,9.149999618530273,9.274999618530273,9.149999618530273,9.2524995803833,323600
2002-12-02,9.279999732971191,9.350000381469727,9.1875,9.27750015258789,1103600
2002-12-03,9.25,9.532500267028809,9.25,9.3725004196167,1770000
2002-12-04,9.375,9.387499809265137,9.2524995803833,9.3100004196167,905200
2002-12-05,9.362500190734863,9.467499732971191,9.3149995803833,9.422499656677246,1365600
2002-12-06,9.387499809265137,9.637499809265137,9.380000114440918,9.602499961853027,739200
2002-12-09,9.604999542236328,9.7475004196167,9.447500228881836,9.447500228881836,1170800
2002-12-10,9.487500190734863,9.582500457763672,9.425000190734863,9.550000190734863,2257600
2002-12-11,9.552499771118164,9.702500343322754,9.350000381469727,9.6875,1806000
2002-12-12,9.6875,10.069999694824219,9.6875,10.015000343322754,2424400
2002-12-13,10.024999618530273,10.125,9.864999771118164,9.9399995803833,2164400
2002-12-16,9.957500457763672,10.09749984741211,9.9375,9.954999923706055,2192000
2002-12-17,9.925000190734863,9.975000381469727,9.807499885559082,9.829999923706055,1934000
2002-12-18,9.8125,9.8125,9.577500343322754,9.609999656677246,1907600
2002-12-19,9.59000015258789,9.625,9.417499542236328,9.482500076293945,1937600
2002-12-20,9.512499809265137,9.692500114440918,9.492500305175781,9.692500114440918,1325200
2002-12-23,9.720000267028809,9.75,9.5600004196167,9.737500190734863,978000
2002-12-24,9.737500190734863,9.737500190734863,9.65250015258789,9.699999809265137,567200
2002-12-26,9.6875,9.725000381469727,9.510000228881836,9.522500038146973,617200
2002-12-27,9.5,9.609999656677246,9.227499961853027,9.3149995803833,1594000
2002-12-30,9.362500190734863,9.457500457763672,9.322500228881836,9.375,1012400
2002-12-31,9.399999618530273,9.432499885559082,9.237500190734863,9.387499809265137,932400
2003-01-02,9.475000381469727,9.574999809265137,9.399999618530273,9.5625,1602400
2003-01-03,9.600000381469727,9.632499694824219,9.5,9.555000305175781,1771600
2003-01-06,9.5625,9.654999732971191,9.515000343322754,9.539999961853027,1090000
2003-01-07,9.512499809265137,9.512499809265137,9.142499923706055,9.149999618530273,2620400
2003-01-08,9.15250015258789,9.1875,8.925000190734863,8.97249984741211,2581200
2003-01-09,9.020000457763672,9.09749984741211,8.949999809265137,9.0,1534400
2003-01-10,9.0024995803833,9.010000228881836,8.824999809265137,8.854999542236328,2281200
2003-01-13,8.912500381469727,8.925000190734863,8.727499961853027,8.7475004196167,2246800
2003-01-14,8.782500267028809,8.850000381469727,8.712499618530273,8.75,2263600
2003-01-15,8.787500381469727,8.96500015258789,8.71500015258789,8.9375,2403200
2003-01-16,9.0,9.087499618530273,8.96500015258789,9.045000076293945,1955600
2003-01-17,9.047499656677246,9.047499656677246,8.9375,8.992500305175781,1024000
2003-01-21,8.994999885559082,8.994999885559082,8.797499656677246,8.8125,1346000
2003-01-22,8.8149995803833,8.949999809265137,8.712499618530273,8.829999923706055,1550000
2003-01-23,8.852499961853027,8.912500381469727,8.800000190734863,8.895000457763672,1151600
2003-01-24,8.899999618530273,8.912500381469727,8.760000228881836,8.787500381469727,1188800
2003-01-27,8.789999961853027,8.8125,8.444999694824219,8.467499732971191,2092000
2003-01-28,8.505000114440918,8.774999618530273,8.505000114440918,8.672499656677246,1699200
2003-01-29,8.649999618530273,8.824999809265137,8.612500190734863,8.772500038146973,3519600
2003-01-30,8.789999961853027,8.954999923706055,8.789999961853027,8.807499885559082,2052400
2003-01-31,8.827500343322754,8.949999809265137,8.732500076293945,8.925000190734863,2229600
2003-02-03,8.927499771118164,8.987500190734863,8.770000457763672,8.787500381469727,1610000
2003-02-04,8.789999961853027,8.975000381469727,8.729999542236328,8.962499618530273,1334400
2003-02-05,9.012499809265137,9.024999618530273,8.800000190734863,8.805000305175781,1472800
2003-02-06,8.8125,8.850000381469727,8.727499961853027,8.827500343322754,1257600
2003-02-07,8.824999809265137,8.882499694824219,8.625,8.75,1320800
2003-02-10,8.75,8.827500343322754,8.712499618530273,8.8125,940800
2003-02-11,8.8125,8.875,8.682499885559082,8.770000457763672,1224800
2003-02-12,8.774999618530273,8.774999618530273,8.52750015258789,8.59000015258789,2005600
2003-02-13,8.619999885559082,8.632499694824219,8.475000381469727,8.4975004196167,2367600
2003-02-14,8.522500038146973,8.557499885559082,8.414999961853027,8.487500190734863,1484400
2003-02-18,8.524999618530273,8.792499542236328,8.524999618530273,8.779999732971191,1942400
2003-02-19,8.8125,8.829999923706055,8.6850004196167,8.744999885559082,1100400
2003-02-20,8.762499809265137,8.845000267028809,8.7524995803833,8.760000228881836,1201600
2003-02-21,8.760000228881836,9.020000457763672,8.760000228881836,9.0,2940000
2003-02-24,9.050000190734863,9.1850004196167,9.0,9.079999923706055,2547600
2003-02-25,9.100000381469727,9.220000267028809,8.949999809265137,8.9975004196167,2283600
2003-02-26,9.0,9.112500190734863,8.949999809265137,9.005000114440918,852400
2003-02-27,9.047499656677246,9.055000305175781,8.787500381469727,8.787500381469727,1654800
2003-02-28,8.802499771118164,8.962499618530273,8.802499771118164,8.824999809265137,1058800
2003-03-03,8.824999809265137,8.9375,8.805000305175781,8.8725004196167,2360000
2003-03-04,8.850000381469727,8.977499961853027,8.850000381469727,8.962499618530273,1260000
2003-03-05,8.96500015258789,9.024999618530273,8.899999618530273,8.899999618530273,1894400
2003-03-06,8.907500267028809,8.977499961853027,8.862500190734863,8.954999923706055,1744000
2003-03-07,8.957500457763672,8.970000267028809,8.827500343322754,8.867500305175781,1244400
2003-03-10,8.859999656677246,9.022500038146973,8.852499961853027,8.949999809265137,1882400
2003-03-11,9.0,9.047499656677246,8.90999984741211,8.922499656677246,1476800
2003-03-12,8.922499656677246,8.9375,8.787500381469727,8.84749984741211,2416000
2003-03-13,8.887499809265137,8.920000076293945,8.6225004196167,8.680000305175781,1364400
2003-03-14,8.697500228881836,8.699999809265137,8.492500305175781,8.547499656677246,1656000
2003-03-17,8.600000381469727,8.649999618530273,8.4375,8.520000457763672,1267200
2003-03-18,8.520000457763672,8.6274995803833,8.267499923706055,8.617500305175781,1756800
2003-03-19,8.617500305175781,8.649999618530273,8.5,8.582500457763672,1708400
2003-03-20,8.582500457763672,8.727499961853027,8.53499984741211,8.675000190734863,1231200
2003-03-21,8.737500190734863,8.737500190734863,8.404999732971191,8.422499656677246,1254400
2003-03-24,8.422499656677246,8.5,8.302499771118164,8.3774995803833,1317600
2003-03-25,8.324999809265137,8.5649995803833,8.324999809265137,8.5,1159600
2003-03-26,8.5,8.5,8.3725004196167,8.385000228881836,629200
2003-03-27,8.359999656677246,8.637499809265137,8.359999656677246,8.539999961853027,792800
2003-03-28,8.539999961853027,8.712499618530273,8.539999961853027,8.672499656677246,988400
2003-03-31,8.649999618530273,8.65999984741211,8.542499542236328,8.572500228881836,1046800
2003-04-01,8.572500228881836,8.729999542236328,8.572500228881836,8.697500228881836,974800
2003-04-02,8.697500228881836,8.699999809265137,8.520000457763672,8.630000114440918,990400
2003-04-03,8.630000114440918,8.645000457763672,8.3774995803833,8.392499923706055,1121200
2003-04-04,8.417499542236328,8.444999694824219,8.354999542236328,8.392499923706055,1128400
2003-04-07,8.395000457763672,8.4350004196167,8.242500305175781,8.262499809265137,1228400
2003-04-08,8.262499809265137,8.274999618530273,8.162500381469727,8.175000190734863,1628400
2003-04-09,8.175000190734863,8.3100004196167,8.172499656677246,8.225000381469727,1670800
2003-04-10,8.25,8.375,8.234999656677246,8.375,2750800
2003-04-11,8.569999694824219,8.569999694824219,8.175000190734863,8.335000038146973,1218800
2003-04-14,8.324999809265137,8.412500381469727,8.300000190734863,8.399999618530273,1074400
2003-04-15,8.399999618530273,8.399999618530273,8.300000190734863,8.324999809265137,1850000
2003-04-16,8.362500190734863,8.397500038146973,8.260000228881836,8.270000457763672,1999200
2003-04-17,8.270000457763672,8.369999885559082,8.227499961853027,8.357500076293945,3326800
2003-04-21,8.382499694824219,8.449999809265137,8.324999809265137,8.4375,2777200
2003-04-22,8.425000190734863,8.542499542236328,8.380000114440918,8.4975004196167,1716400
2003-04-23,8.4975004196167,8.557499885559082,8.364999771118164,8.452500343322754,1342000
2003-04-24,8.4375,8.550000190734863,8.414999961853027,8.515000343322754,3068400
2003-04-25,8.515000343322754,8.515000343322754,8.420000076293945,8.425000190734863,2333200
2003-04-28,8.449999809265137,8.524999618530273,8.307499885559082,8.324999809265137,1335200
2003-04-29,8.327500343322754,8.327500343322754,8.130000114440918,8.145000457763672,1254000
2003-04-30,8.162500381469727,8.40999984741211,8.149999618530273,8.300000190734863,3071600
2003-05-01,8.300000190734863,8.382499694824219,8.270000457763672,8.322500228881836,1799200
2003-05-02,8.322500228881836,8.4975004196167,8.305000305175781,8.319999694824219,2348800
2003-05-05,8.359999656677246,8.385000228881836,8.1899995803833,8.25,2915600
2003-05-06,8.270000457763672,8.279999732971191,8.145000457763672,8.1850004196167,1704000
2003-05-07,8.180000305175781,8.3125,8.092499732971191,8.255000114440918,3473200
2003-05-08,8.220000267028809,8.319999694824219,8.180000305175781,8.232500076293945,1951600
2003-05-09,8.282500267028809,8.324999809265137,8.1899995803833,8.237500190734863,1988000
2003-05-12,8.225000381469727,8.350000381469727,8.1875,8.28499984741211,1572000
2003-05-13,8.25,8.47249984741211,8.212499618530273,8.4350004196167,2060000
2003-05-14,8.449999809265137,8.532500267028809,8.399999618530273,8.487500190734863,1001200
2003-05-15,8.537500381469727,8.557499885559082,8.427499771118164,8.462499618530273,1334400
2003-05-16,8.462499618530273,8.484999656677246,8.364999771118164,8.420000076293945,1601200
2003-05-19,8.4375,8.524999618530273,8.337499618530273,8.467499732971191,3386400
2003-05-20,8.505000114440918,8.649999618530273,8.5,8.59000015258789,4703600
2003-05-21,8.625,9.074999809265137,8.612500190734863,9.074999809265137,7935600
2003-05-22,9.125,9.157500267028809,9.03499984741211,9.050000190734863,2918000
2003-05-23,9.012499809265137,9.104999542236328,8.987500190734863,9.082500457763672,2257600
2003-05-27,9.0625,9.237500190734863,9.052499771118164,9.172499656677246,932000
2003-05-28,9.170000076293945,9.170000076293945,9.0,9.0,1581600
2003-05-29,9.050000190734863,9.050000190734863,8.875,8.9375,1754800
2003-05-30,8.987500190734863,9.149999618530273,8.97249984741211,9.107500076293945,781200
2003-06-02,9.225000381469727,9.399999618530273,9.217499732971191,9.3149995803833,1661200
2003-06-03,9.317500114440918,9.420000076293945,9.180000305175781,9.417499542236328,1510800
2003-06-04,9.479999542236328,9.625,9.317500114440918,9.507499694824219,2824800
2003-06-05,9.507499694824219,9.532500267028809,9.414999961853027,9.517499923706055,1512400
2003-06-06,9.517499923706055,9.595000267028809,9.447500228881836,9.475000381469727,2273600
2003-06-09,9.462499618530273,9.5,9.417499542236328,9.449999809265137,1470000
2003-06-10,9.449999809265137,9.550000190734863,9.449999809265137,9.529999732971191,1187200
2003-06-11,9.5625,9.962499618530273,9.532500267028809,9.944999694824219,2379600
2003-06-12,10.192500114440918,10.192500114440918,9.592499732971191,9.654999732971191,2708800
2003-06-13,9.654999732971191,9.654999732971191,9.345000267028809,9.467499732971191,2362400
2003-06-16,9.47249984741211,9.5,9.342499732971191,9.412500381469727,2248000
2003-06-17,9.475000381469727,9.510000228881836,9.414999961853027,9.425000190734863,2586800
2003-06-18,9.420000076293945,9.449999809265137,9.350000381469727,9.354999542236328,2211600
2003-06-19,9.354999542236328,9.550000190734863,9.177499771118164,9.457500457763672,2145600
2003-06-20,9.520000457763672,9.52750015258789,9.357500076293945,9.47249984741211,8100400
2003-06-23,9.475000381469727,9.537500381469727,9.395000457763672,9.460000038146973,1024800
2003-06-24,9.449999809265137,9.520000457763672,9.444999694824219,9.457500457763672,707600
2003-06-25,9.462499618530273,9.649999618530273,9.462499618530273,9.59000015258789,1299600
2003-06-26,9.574999809265137,9.670000076293945,9.4975004196167,9.5,1851600
2003-06-27,9.5,9.587499618530273,9.449999809265137,9.5,2043600
2003-06-30,9.505000114440918,9.550000190734863,9.420000076293945,9.449999809265137,1410800
2003-07-01,9.447500228881836,9.479999542236328,9.350000381469727,9.462499618530273,1294800
2003-07-02,9.462499618530273,9.462499618530273,9.350000381469727,9.380000114440918,1484400
2003-07-03,9.380000114440918,9.475000381469727,9.327500343322754,9.417499542236328,576000
2003-07-07,9.442500114440918,9.454999923706055,9.239999771118164,9.260000228881836,1968400
2003-07-08,9.260000228881836,9.260000228881836,9.057499885559082,9.102499961853027,3082800
2003-07-09,9.074999809265137,9.25,9.074999809265137,9.232500076293945,1974000
2003-07-10,9.232500076293945,9.232500076293945,9.0,9.074999809265137,1848000
2003-07-11,9.077500343322754,9.2475004196167,9.074999809265137,9.202500343322754,622000
2003-07-14,9.25,9.262499809265137,9.074999809265137,9.09000015258789,1562800
2003-07-15,9.095000267028809,9.142499923706055,8.994999885559082,9.007499694824219,1654400
2003-07-16,9.037500381469727,9.052499771118164,8.970000267028809,9.024999618530273,2340400
2003-07-17,9.024999618530273,9.147500038146973,8.994999885559082,9.130000114440918,1416800
2003-07-18,9.130000114440918,9.34749984741211,9.109999656677246,9.345000267028809,1462800
2003-07-21,9.324999809265137,9.412500381469727,9.25,9.262499809265137,1416000
2003-07-22,9.265000343322754,9.324999809265137,9.225000381469727,9.305000305175781,1212800
2003-07-23,9.354999542236328,9.427499771118164,9.199999809265137,9.260000228881836,1050000
2003-07-24,9.337499618530273,9.40250015258789,9.194999694824219,9.197500228881836,1131200
2003-07-25,9.1875,9.232500076293945,9.112500190734863,9.232500076293945,970800
2003-07-28,9.232500076293945,9.279999732971191,9.0625,9.234999656677246,2368400
2003-07-29,9.225000381469727,9.262499809265137,9.087499618530273,9.104999542236328,1794400
2003-07-30,9.112500190734863,9.162500381469727,9.055000305175781,9.145000457763672,1168000
2003-07-31,9.135000228881836,9.239999771118164,9.09749984741211,9.125,1763600
2003-08-01,9.137499809265137,9.137499809265137,8.962499618530273,9.0625,1874000
2003-08-04,9.0649995803833,9.0649995803833,8.899999618530273,8.962499618530273,2111200
2003-08-05,8.962499618530273,9.032500267028809,8.842499732971191,8.842499732971191,1682400
2003-08-06,8.892499923706055,9.0600004196167,8.8774995803833,9.029999732971191,1176000
2003-08-07,9.055000305175781,9.302499771118164,9.045000076293945,9.300000190734863,1319200
2003-08-08,9.324999809265137,9.350000381469727,9.217499732971191,9.289999961853027,895200
2003-08-11,9.274999618530273,9.4975004196167,9.274999618530273,9.462499618530273,964000
2003-08-12,9.462499618530273,9.612500190734863,9.425000190734863,9.612500190734863,1243600
2003-08-13,9.607500076293945,9.712499618530273,9.574999809265137,9.649999618530273,1895200
2003-08-14,9.675000190734863,9.707500457763672,9.489999771118164,9.592499732971191,1931200
2003-08-15,9.587499618530273,9.677499771118164,9.567500114440918,9.625,322400
2003-08-18,9.637499809265137,9.72249984741211,9.635000228881836,9.65999984741211,582400
2003-08-19,9.65999984741211,9.680000305175781,9.587499618530273,9.612500190734863,878400
2003-08-20,9.662500381469727,9.792499542236328,9.649999618530273,9.757499694824219,1172800
2003-08-21,9.737500190734863,9.857500076293945,9.6875,9.854999542236328,823200
2003-08-22,9.917499542236328,9.917499542236328,9.765000343322754,9.819999694824219,1333200
2003-08-25,9.845000267028809,9.882499694824219,9.707500457763672,9.739999771118164,1095600
2003-08-26,9.737500190734863,9.739999771118164,9.5,9.59000015258789,1104400
2003-08-27,9.612500190734863,9.699999809265137,9.59749984741211,9.677499771118164,1258400
2003-08-28,9.699999809265137,9.869999885559082,9.649999618530273,9.852499961853027,1017200
2003-08-29,9.837499618530273,9.9350004196167,9.800000190734863,9.897500038146973,735200
2003-09-02,9.897500038146973,9.897500038146973,9.75,9.827500343322754,914000
2003-09-03,9.827500343322754,9.90999984741211,9.789999961853027,9.90250015258789,1068400
2003-09-04,9.917499542236328,9.947500228881836,9.862500190734863,9.925000190734863,978000
2003-09-05,9.899999618530273,9.949999809265137,9.819999694824219,9.895000457763672,1196400
2003-09-08,9.895000457763672,10.0,9.895000457763672,9.984999656677246,792800
2003-09-09,9.987500190734863,9.987500190734863,9.78499984741211,9.800000190734863,1286400
2003-09-10,9.802499771118164,9.824999809265137,9.699999809265137,9.75,1296000
2003-09-11,9.774999618530273,9.827500343322754,9.649999618530273,9.742500305175781,839600
2003-09-12,9.725000381469727,9.807499885559082,9.677499771118164,9.797499656677246,671200
2003-09-15,9.774999618530273,9.802499771118164,9.6875,9.710000038146973,1378400
2003-09-16,9.912500381469727,9.970000267028809,9.800000190734863,9.842499732971191,2498000
2003-09-17,9.800000190734863,9.837499618530273,9.662500381469727,9.667499542236328,1110000
2003-09-18,9.675000190734863,9.675000190734863,9.487500190734863,9.494999885559082,3260800
2003-09-19,9.487500190734863,9.550000190734863,9.462499618530273,9.517499923706055,2212400
2003-09-22,9.517499923706055,9.635000228881836,9.427499771118164,9.614999771118164,1548800
2003-09-23,9.675000190734863,9.697500228881836,9.612500190734863,9.667499542236328,763200
2003-09-24,9.859999656677246,9.862500190734863,9.712499618530273,9.762499809265137,804000
2003-09-25,9.75,9.762499809265137,9.550000190734863,9.552499771118164,1018800
2003-09-26,9.52750015258789,9.547499656677246,9.364999771118164,9.425000190734863,697200
2003-09-29,9.4375,9.5,9.399999618530273,9.444999694824219,882000
2003-09-30,9.487500190734863,9.649999618530273,9.399999618530273,9.574999809265137,1684000
2003-10-01,9.587499618530273,9.630000114440918,9.505000114440918,9.6274995803833,1670400
2003-10-02,9.625,9.782500267028809,9.5649995803833,9.782500267028809,1143600
2003-10-03,9.78499984741211,9.912500381469727,9.712499618530273,9.90250015258789,1131600
2003-10-06,9.8774995803833,9.954999923706055,9.862500190734863,9.944999694824219,1471600
2003-10-07,9.957500457763672,9.97249984741211,9.837499618530273,9.954999923706055,827200
2003-10-08,9.979999542236328,9.9975004196167,9.8725004196167,9.944999694824219,1326400
2003-10-09,9.944999694824219,10.0,9.8774995803833,9.947500228881836,1162800
2003-10-10,9.96500015258789,10.072500228881836,9.9375,10.0625,1098000
2003-10-13,10.100000381469727,10.100000381469727,10.0,10.09749984741211,1925600
2003-10-14,10.09749984741211,10.09749984741211,9.824999809265137,9.989999771118164,1157600
2003-10-15,10.074999809265137,10.074999809265137,9.774999618530273,9.845000267028809,1311600
2003-10-16,9.845000267028809,9.989999771118164,9.824999809265137,9.954999923706055,745600
2003-10-17,9.962499618530273,9.975000381469727,9.862500190734863,9.920000076293945,836000
2003-10-20,9.9375,9.9375,9.832500457763672,9.892499923706055,1288400
2003-10-21,9.887499809265137,10.047499656677246,9.887499809265137,10.005000114440918,694000
2003-10-22,10.029999732971191,10.050000190734863,9.970000267028809,9.992500305175781,785200
2003-10-23,9.992500305175781,9.9975004196167,9.850000381469727,9.949999809265137,1550800
2003-10-24,9.949999809265137,9.962499618530273,9.867500305175781,9.925000190734863,643600
2003-10-27,9.927499771118164,10.012499809265137,9.885000228881836,9.922499656677246,571200
2003-10-28,9.9375,9.9375,9.774999618530273,9.827500343322754,881600
2003-10-29,9.880000114440918,9.9975004196167,9.880000114440918,9.979999542236328,1805600
2003-10-30,10.012499809265137,10.024999618530273,9.880000114440918,9.952500343322754,1287200
2003-10-31,9.954999923706055,10.007499694824219,9.832500457763672,9.930000305175781,792400
2003-11-03,9.970000267028809,9.977499961853027,9.795000076293945,9.8125,1281200
2003-11-04,9.8125,9.8125,9.600000381469727,9.654999732971191,2336400
2003-11-05,9.670000076293945,9.704999923706055,9.607500076293945,9.625,1437600
2003-11-06,9.625,9.654999732971191,9.59000015258789,9.625,1300800
2003-11-07,9.625,9.654999732971191,9.569999694824219,9.6274995803833,1170800
2003-11-10,9.640000343322754,9.6850004196167,9.582500457763672,9.617500305175781,901600
2003-11-11,9.625,9.649999618530273,9.545000076293945,9.600000381469727,513200
2003-11-12,9.600000381469727,9.675000190734863,9.59749984741211,9.662500381469727,1430400
2003-11-13,9.6875,9.779999732971191,9.657500267028809,9.6850004196167,2134800
2003-11-14,9.6875,9.762499809265137,9.612500190734863,9.725000381469727,1866000
2003-11-17,9.725000381469727,9.725000381469727,9.550000190734863,9.574999809265137,1313600
2003-11-18,9.582500457763672,9.582500457763672,9.5,9.5,1141600
2003-11-19,9.5024995803833,9.5024995803833,9.369999885559082,9.414999961853027,2095600
2003-11-20,9.399999618530273,9.574999809265137,9.399999618530273,9.512499809265137,1887200
2003-11-21,9.5,9.517499923706055,9.454999923706055,9.475000381469727,987600
2003-11-24,9.479999542236328,9.600000381469727,9.46500015258789,9.600000381469727,1068800
2003-11-25,9.587499618530273,9.792499542236328,9.585000038146973,9.787500381469727,2179200
2003-11-26,9.837499618530273,9.890000343322754,9.824999809265137,9.887499809265137,835600
2003-11-28,9.875,9.914999961853027,9.857500076293945,9.912500381469727,566000
2003-12-01,9.949999809265137,10.055000305175781,9.899999618530273,10.020000457763672,1189200
2003-12-02,10.032500267028809,10.182499885559082,9.989999771118164,10.15250015258789,1436400
2003-12-03,10.175000190734863,10.239999771118164,10.087499618530273,10.239999771118164,1900000
2003-12-04,10.25,10.595000267028809,10.220000267028809,10.537500381469727,2618000
2003-12-05,10.53499984741211,10.6850004196167,10.5,10.65999984741211,1506800
2003-12-08,10.649999618530273,10.869999885559082,10.649999618530273,10.845000267028809,2002400
2003-12-09,10.84749984741211,10.84749984741211,10.675000190734863,10.677499771118164,1630800
2003-12-10,10.574999809265137,10.667499542236328,10.567500114440918,10.587499618530273,2247200
2003-12-11,10.637499809265137,10.717499732971191,10.547499656677246,10.699999809265137,1495600
2003-12-12,10.787500381469727,10.982500076293945,10.75,10.977499961853027,1458000
2003-12-15,11.0024995803833,11.022500038146973,10.869999885559082,10.912500381469727,1429600
2003-12-16,10.949999809265137,11.112500190734863,10.947500228881836,11.055000305175781,1020000
2003-12-17,11.017499923706055,11.1850004196167,10.949999809265137,11.15999984741211,1353600
2003-12-18,11.149999618530273,11.444999694824219,11.102499961853027,11.412500381469727,2158400
2003-12-19,11.300000190734863,11.369999885559082,11.197500228881836,11.359999656677246,2156800
2003-12-22,11.342499732971191,11.399999618530273,11.25,11.399999618530273,984400
2003-12-23,11.375,11.375,11.1875,11.25,867200
2003-12-24,11.237500190734863,11.4975004196167,11.237500190734863,11.449999809265137,394000
2003-12-26,11.4375,11.475000381469727,11.40250015258789,11.422499656677246,265200
2003-12-29,11.337499618530273,11.399999618530273,11.239999771118164,11.399999618530273,2298400
2003-12-30,11.362500190734863,11.364999771118164,11.225000381469727,11.25,2239600
2003-12-31,11.25,11.274999618530273,10.979999542236328,11.107500076293945,1440000
2004-01-02,11.050000190734863,11.295000076293945,10.949999809265137,11.265000343322754,1938000
2004-01-05,11.267499923706055,11.4975004196167,11.242500305175781,11.479999542236328,1869600
2004-01-06,11.5,11.5,11.25,11.375,878400
2004-01-07,11.375,11.375,11.162500381469727,11.25,1052000
2004-01-08,11.25,11.25,11.100000381469727,11.210000038146973,712800
2004-01-09,11.734999656677246,11.734999656677246,11.125,11.40999984741211,1655200
2004-01-12,11.40999984741211,11.529999732971191,11.327500343322754,11.52750015258789,1652000
2004-01-13,11.512499809265137,11.787500381469727,11.512499809265137,11.572500228881836,2307200
2004-01-14,11.572500228881836,11.625,11.454999923706055,11.5024995803833,1555200
2004-01-15,11.492500305175781,11.557499885559082,11.15250015258789,11.15999984741211,1490000
2004-01-16,11.167499542236328,11.337499618530273,11.149999618530273,11.317500114440918,1019200
2004-01-20,11.399999618530273,11.6875,11.399999618530273,11.645000457763672,1283600
2004-01-21,11.670000076293945,11.702500343322754,11.600000381469727,11.6274995803833,1064000
2004-01-22,11.662500381469727,11.677499771118164,11.4399995803833,11.520000457763672,1092000
2004-01-23,11.475000381469727,11.717499732971191,11.462499618530273,11.707500457763672,1202400
2004-01-26,11.707500457763672,11.707500457763672,11.522500038146973,11.6899995803833,639200
2004-01-27,11.6274995803833,11.72249984741211,11.582500457763672,11.707500457763672,1170800
2004-01-28,11.707500457763672,11.712499618530273,11.274999618530273,11.357500076293945,1894400
2004-01-29,11.362500190734863,11.3774995803833,11.15250015258789,11.289999961853027,2072000
2004-01-30,11.289999961853027,11.289999961853027,10.942500114440918,11.050000190734863,1192000
2004-02-02,11.0625,11.157500267028809,10.925000190734863,11.0600004196167,1772400
2004-02-03,11.0600004196167,11.085000038146973,10.960000038146973,11.047499656677246,1840000
2004-02-04,11.037500381469727,11.037500381469727,10.75,10.829999923706055,1273600
2004-02-05,10.795000076293945,10.975000381469727,10.662500381469727,10.6850004196167,1720000
2004-02-06,10.697500228881836,10.922499656677246,10.675000190734863,10.885000228881836,1589600
2004-02-09,10.90999984741211,11.265000343322754,10.90999984741211,11.1875,1370800
2004-02-10,11.237500190734863,11.422499656677246,11.237500190734863,11.412500381469727,1073600
2004-02-11,11.395000457763672,11.412500381469727,11.287500381469727,11.380000114440918,1287600
2004-02-12,11.375,11.5024995803833,11.317500114440918,11.449999809265137,1125200
2004-02-13,11.425000190734863,11.432499885559082,11.262499809265137,11.362500190734863,1320800
2004-02-17,11.387499809265137,11.517499923706055,11.387499809265137,11.4975004196167,816000
2004-02-18,11.512499809265137,11.524999618530273,11.399999618530273,11.399999618530273,1234400
2004-02-19,11.425000190734863,11.425000190734863,11.270000457763672,11.274999618530273,1402000
2004-02-20,11.262499809265137,11.319999694824219,11.225000381469727,11.272500038146973,1239200
2004-02-23,11.305000305175781,11.3149995803833,11.172499656677246,11.1850004196167,880800
2004-02-24,11.170000076293945,11.282500267028809,11.135000228881836,11.225000381469727,884400
2004-02-25,11.212499618530273,11.462499618530273,11.149999618530273,11.454999923706055,1149600
2004-02-26,11.4375,11.65250015258789,11.4375,11.5649995803833,1404800
2004-02-27,11.579999923706055,11.774999618530273,11.579999923706055,11.694999694824219,1678400
2004-03-01,11.757499694824219,12.0024995803833,11.725000381469727,11.97249984741211,1940400
2004-03-02,11.90999984741211,12.117500305175781,11.827500343322754,11.862500190734863,1678400
2004-03-03,11.864999771118164,11.989999771118164,11.697500228881836,11.962499618530273,1196800
2004-03-04,11.9375,11.9375,11.694999694824219,11.734999656677246,1042000
2004-03-05,11.760000228881836,11.994999885559082,11.755000114440918,11.994999885559082,1478000
2004-03-08,12.0,12.077500343322754,11.84749984741211,11.897500038146973,1565200
2004-03-09,11.927499771118164,11.9375,11.71500015258789,11.797499656677246,984000
2004-03-10,11.8125,11.899999618530273,11.52750015258789,11.52750015258789,906400
2004-03-11,11.577500343322754,11.577500343322754,11.34000015258789,11.397500038146973,1261600
2004-03-12,11.460000038146973,11.654999732971191,11.425000190734863,11.654999732971191,1004000
2004-03-15,11.6850004196167,11.8125,11.649999618530273,11.65999984741211,840400
2004-03-16,11.675000190734863,11.72249984741211,11.475000381469727,11.4975004196167,1052000
2004-03-17,11.800000190734863,11.9375,11.647500038146973,11.824999809265137,2147600
2004-03-18,11.774999618530273,11.887499809265137,11.6875,11.8149995803833,854000
2004-03-19,11.7524995803833,11.837499618530273,11.6850004196167,11.692500114440918,502400
2004-03-22,11.637499809265137,11.637499809265137,11.545000076293945,11.567500114440918,948000
2004-03-23,11.592499732971191,11.612500190734863,11.40999984741211,11.447500228881836,1178000
2004-03-24,11.425000190734863,11.479999542236328,11.055000305175781,11.072500228881836,1086000
2004-03-25,11.087499618530273,11.164999961853027,11.045000076293945,11.102499961853027,1072400
2004-03-26,11.104999542236328,11.282500267028809,11.087499618530273,11.212499618530273,1388000
2004-03-29,11.324999809265137,11.524999618530273,11.302499771118164,11.487500190734863,1698800
2004-03-30,11.512499809265137,11.787500381469727,11.5,11.640000343322754,1185200
2004-03-31,11.75,11.842499732971191,11.6850004196167,11.774999618530273,1637200
2004-04-01,11.800000190734863,11.90999984741211,11.675000190734863,11.755000114440918,3108400
2004-04-02,11.755000114440918,11.875,11.732500076293945,11.805000305175781,1105600
2004-04-05,11.779999732971191,11.84749984741211,11.739999771118164,11.837499618530273,970400
2004-04-06,11.837499618530273,11.897500038146973,11.732500076293945,11.8125,1028000
2004-04-07,11.8125,11.9975004196167,11.757499694824219,11.942500114440918,1440400
2004-04-08,11.987500190734863,12.0649995803833,11.9375,12.032500267028809,1204400
2004-04-12,12.0,12.147500038146973,11.984999656677246,12.0600004196167,1928000
2004-04-13,12.112500190734863,12.135000228881836,11.925000190734863,11.930000305175781,1158000
2004-04-14,11.850000381469727,11.90999984741211,11.757499694824219,11.84749984741211,915200
2004-04-15,11.920000076293945,12.175000190734863,11.920000076293945,12.132499694824219,3062400
2004-04-16,12.162500381469727,12.270000457763672,12.112500190734863,12.199999809265137,2056800
2004-04-19,12.300000190734863,12.319999694824219,12.077500343322754,12.132499694824219,2237200
2004-04-20,12.162500381469727,12.167499542236328,11.850000381469727,11.850000381469727,1581200
2004-04-21,11.862500190734863,11.96500015258789,11.699999809265137,11.932499885559082,1920000
2004-04-22,11.925000190734863,12.09000015258789,11.899999618530273,12.09000015258789,1612000
2004-04-23,12.112500190734863,12.112500190734863,11.892499923706055,12.0024995803833,1275200
2004-04-26,11.925000190734863,12.125,11.904999732971191,12.0024995803833,2199200
2004-04-27,12.0649995803833,12.2475004196167,12.039999961853027,12.194999694824219,1799200
2004-04-28,12.175000190734863,12.1875,11.920000076293945,11.952500343322754,1528800
2004-04-29,11.914999961853027,11.925000190734863,11.47249984741211,11.557499885559082,1407600
2004-04-30,11.592499732971191,11.707500457763672,11.487500190734863,11.524999618530273,1782800
2004-05-03,11.524999618530273,11.772500038146973,11.5024995803833,11.75,3914400
2004-05-04,11.899999618530273,12.087499618530273,11.805000305175781,11.817500114440918,3030000
2004-05-05,11.817500114440918,11.817500114440918,11.532500267028809,11.75,4039200
2004-05-06,11.787500381469727,11.805000305175781,11.550000190734863,11.65999984741211,2541200
2004-05-07,11.6875,11.787500381469727,11.329999923706055,11.390000343322754,2533200
2004-05-10,11.390000343322754,11.390000343322754,10.962499618530273,11.0649995803833,2048800
2004-05-11,11.170000076293945,11.342499732971191,11.162500381469727,11.332500457763672,1326000
2004-05-12,11.295000076293945,11.404999732971191,11.109999656677246,11.292499542236328,1187600
2004-05-13,11.274999618530273,11.432499885559082,11.227499961853027,11.27750015258789,1657600
2004-05-14,11.289999961853027,11.667499542236328,11.279999732971191,11.512499809265137,1771600
2004-05-17,11.475000381469727,11.664999961853027,11.380000114440918,11.512499809265137,2381200
2004-05-18,11.512499809265137,11.512499809265137,11.272500038146973,11.274999618530273,1213600
2004-05-19,11.300000190734863,11.369999885559082,11.117500305175781,11.130000114440918,1408400
2004-05-20,11.167499542236328,11.305000305175781,11.09000015258789,11.142499923706055,1453600
2004-05-21,11.149999618530273,11.175000190734863,10.90250015258789,11.057499885559082,1691600
2004-05-24,11.082500457763672,11.457500457763672,11.055000305175781,11.397500038146973,1548000
2004-05-25,11.399999618530273,11.600000381469727,11.387499809265137,11.59000015258789,1911600
2004-05-26,11.59000015258789,11.649999618530273,11.359999656677246,11.449999809265137,2106000
2004-05-27,11.477499961853027,11.477499961853027,11.137499809265137,11.265000343322754,1530000
2004-05-28,11.225000381469727,11.4375,11.225000381469727,11.335000038146973,681600
2004-06-01,11.449999809265137,11.635000228881836,11.449999809265137,11.619999885559082,1998400
2004-06-02,11.670000076293945,11.787500381469727,11.619999885559082,11.760000228881836,2653200
2004-06-03,11.725000381469727,11.947500228881836,11.619999885559082,11.662500381469727,2201200
2004-06-04,11.699999809265137,11.712499618530273,11.47249984741211,11.6274995803833,1256400
2004-06-07,11.619999885559082,11.845000267028809,11.574999809265137,11.837499618530273,853600
2004-06-08,11.854999542236328,11.949999809265137,11.7475004196167,11.765000343322754,1350400
2004-06-09,11.765000343322754,11.774999618530273,11.635000228881836,11.75,1130400
2004-06-10,11.800000190734863,12.007499694824219,11.787500381469727,11.917499542236328,1812400
2004-06-14,11.920000076293945,11.9350004196167,11.787500381469727,11.787500381469727,1612000
2004-06-15,11.887499809265137,12.104999542236328,11.885000228881836,12.0625,1480000
2004-06-16,12.130000114440918,12.329999923706055,12.117500305175781,12.327500343322754,1172400
2004-06-17,12.327500343322754,12.4375,12.262499809265137,12.385000228881836,1534800
2004-06-18,12.385000228881836,12.420000076293945,12.274999618530273,12.387499809265137,1775600
2004-06-21,12.369999885559082,12.550000190734863,12.350000381469727,12.545000076293945,2309200
2004-06-22,12.487500190734863,12.625,12.475000381469727,12.612500190734863,1284000
2004-06-23,12.637499809265137,12.907500267028809,12.637499809265137,12.907500267028809,1401200
2004-06-24,13.007499694824219,13.015000343322754,12.779999732971191,12.800000190734863,1578400
2004-06-25,12.762499809265137,12.869999885559082,12.5625,12.5625,4491600
2004-06-28,12.625,12.625,12.164999961853027,12.3125,3532800
2004-06-29,12.3149995803833,12.46500015258789,12.3125,12.430000305175781,1455600
2004-06-30,12.460000038146973,12.75,12.460000038146973,12.75,3422400
2004-07-01,12.824999809265137,13.007499694824219,12.800000190734863,13.0024995803833,3308800
2004-07-02,12.9375,13.175000190734863,12.90250015258789,13.104999542236328,2182800
2004-07-06,13.1875,13.397500038146973,13.1875,13.289999961853027,2997200
2004-07-07,13.289999961853027,13.357500076293945,13.145000457763672,13.327500343322754,2063200
2004-07-08,13.375,13.4375,13.167499542236328,13.2524995803833,2395200
2004-07-09,13.3149995803833,13.399999618530273,13.234999656677246,13.3149995803833,1566000
2004-07-12,13.3149995803833,13.324999809265137,13.207500457763672,13.3149995803833,1413200
2004-07-13,13.300000190734863,13.425000190734863,13.1875,13.357500076293945,2540800
2004-07-14,13.324999809265137,13.574999809265137,13.324999809265137,13.522500038146973,1731200
2004-07-15,13.600000381469727,13.717499732971191,13.537500381469727,13.697500228881836,1794000
2004-07-16,13.697500228881836,13.842499732971191,13.654999732971191,13.8100004196167,2833200
2004-07-19,13.8100004196167,13.8774995803833,13.702500343322754,13.832500457763672,1493600
2004-07-20,13.832500457763672,13.854999542236328,13.6225004196167,13.789999961853027,1254800
2004-07-21,13.789999961853027,13.952500343322754,13.482500076293945,13.482500076293945,1677200
2004-07-22,13.457500457763672,13.625,13.359999656677246,13.545000076293945,1156000
2004-07-23,13.607500076293945,13.637499809265137,13.382499694824219,13.430000305175781,1211600
2004-07-26,13.449999809265137,13.59000015258789,13.237500190734863,13.322500228881836,2112800
2004-07-27,13.375,13.574999809265137,13.274999618530273,13.545000076293945,1451600
2004-07-28,13.574999809265137,13.6850004196167,13.524999618530273,13.619999885559082,1405200
2004-07-29,13.6225004196167,13.762499809265137,13.5,13.762499809265137,1792400
2004-07-30,13.8125,13.869999885559082,13.765000343322754,13.827500343322754,952800
2004-08-02,13.800000190734863,13.882499694824219,13.585000038146973,13.850000381469727,1630400
2004-08-03,13.859999656677246,14.050000190734863,13.850000381469727,13.904999732971191,1838000
2004-08-04,14.050000190734863,14.050000190734863,13.454999923706055,13.467499732971191,2185200
2004-08-05,13.550000190734863,13.625,13.137499809265137,13.137499809265137,1680400
2004-08-06,12.887499809265137,13.0,12.694999694824219,12.734999656677246,1974000
2004-08-09,12.797499656677246,13.137499809265137,12.75,12.97249984741211,2196400
2004-08-10,12.992500305175781,13.0625,12.875,12.887499809265137,1314400
2004-08-11,12.675000190734863,12.850000381469727,12.625,12.765000343322754,2089200
2004-08-12,12.890000343322754,12.930000305175781,12.399999618530273,12.4375,2190000
2004-08-13,12.5,12.795000076293945,12.484999656677246,12.704999923706055,1338000
2004-08-16,12.742500305175781,12.867500305175781,12.574999809265137,12.729999542236328,1343200
2004-08-17,12.729999542236328,12.729999542236328,12.397500038146973,12.397500038146973,1332400
2004-08-18,12.399999618530273,12.694999694824219,12.399999618530273,12.635000228881836,1667600
2004-08-19,12.649999618530273,12.75,12.625,12.734999656677246,1051600
2004-08-20,12.787500381469727,12.962499618530273,12.737500190734863,12.774999618530273,3537600
2004-08-23,12.837499618530273,12.837499618530273,12.430000305175781,12.46500015258789,2214400
2004-08-24,12.46500015258789,12.512499809265137,12.242500305175781,12.34749984741211,1192800
2004-08-25,12.3725004196167,12.582500457763672,12.319999694824219,12.422499656677246,1428400
2004-08-26,12.425000190734863,12.567500114440918,12.265000343322754,12.494999885559082,1362400
2004-08-27,12.557499885559082,12.707500457763672,12.550000190734863,12.65999984741211,1268400
2004-08-30,12.677499771118164,12.774999618530273,12.4975004196167,12.614999771118164,1194800
2004-08-31,12.677499771118164,12.885000228881836,12.677499771118164,12.869999885559082,1069600
2004-09-01,12.895000457763672,13.324999809265137,12.850000381469727,13.302499771118164,1856400
2004-09-02,13.3125,13.447500228881836,13.300000190734863,13.427499771118164,1480800
2004-09-03,13.3774995803833,13.52750015258789,13.322500228881836,13.505000114440918,1506800
2004-09-07,13.505000114440918,13.505000114440918,13.337499618530273,13.417499542236328,933200
2004-09-08,13.417499542236328,13.567500114440918,13.3774995803833,13.432499885559082,1008400
2004-09-09,13.46500015258789,13.710000038146973,13.462499618530273,13.680000305175781,931200
2004-09-10,13.662500381469727,13.667499542236328,13.505000114440918,13.5600004196167,680400
2004-09-13,13.6274995803833,13.75,13.585000038146973,13.602499961853027,1406800
2004-09-14,13.6274995803833,13.675000190734863,13.487500190734863,13.647500038146973,1162400
2004-09-15,13.577500343322754,13.704999923706055,13.5600004196167,13.5625,919200
2004-09-16,13.542499542236328,13.727499961853027,13.524999618530273,13.625,1190400
2004-09-17,13.65250015258789,13.75,13.567500114440918,13.732500076293945,1474800
2004-09-20,13.774999618530273,13.8725004196167,13.725000381469727,13.800000190734863,1167200
2004-09-21,13.802499771118164,14.162500381469727,13.774999618530273,14.1274995803833,2078400
2004-09-22,14.102499961853027,14.1225004196167,13.979999542236328,14.022500038146973,1038000
2004-09-23,14.024999618530273,14.172499656677246,13.949999809265137,14.132499694824219,2203200
2004-09-24,14.162500381469727,14.467499732971191,14.137499809265137,14.399999618530273,2025200
2004-09-27,14.462499618530273,14.487500190734863,14.324999809265137,14.449999809265137,1846400
2004-09-28,14.5,14.704999923706055,14.5,14.6274995803833,2312000
2004-09-29,14.649999618530273,14.675000190734863,14.232500076293945,14.417499542236328,2142800
2004-09-30,14.420000076293945,14.574999809265137,14.420000076293945,14.5600004196167,1421200
2004-10-01,14.547499656677246,14.7475004196167,14.382499694824219,14.7475004196167,978000
2004-10-04,14.72249984741211,14.75,14.600000381469727,14.6850004196167,728000
2004-10-05,14.772500038146973,14.882499694824219,14.72249984741211,14.842499732971191,1751200
2004-10-06,14.875,15.017499923706055,14.875,15.005000114440918,1720000
2004-10-07,15.012499809265137,15.257499694824219,14.692500114440918,14.845000267028809,2386400
2004-10-08,14.832500457763672,15.050000190734863,14.712499618530273,14.960000038146973,1851200
2004-10-11,14.960000038146973,15.024999618530273,14.699999809265137,14.899999618530273,1932800
2004-10-12,14.925000190734863,15.09749984741211,14.78499984741211,14.802499771118164,1864800
2004-10-13,14.802499771118164,14.805000305175781,14.194999694824219,14.492500305175781,3820800
2004-10-14,14.542499542236328,14.837499618530273,14.542499542236328,14.757499694824219,2229200
2004-10-15,14.819999694824219,14.917499542236328,14.712499618530273,14.897500038146973,1846000
2004-10-18,14.925000190734863,15.042499542236328,14.537500381469727,14.587499618530273,1830000
2004-10-19,14.5,14.6875,14.414999961853027,14.592499732971191,1950800
2004-10-20,14.717499732971191,15.047499656677246,14.692500114440918,15.024999618530273,2430000
2004-10-21,15.087499618530273,15.194999694824219,14.895000457763672,15.162500381469727,1741200
2004-10-22,15.1875,15.342499732971191,15.104999542236328,15.104999542236328,1325600
2004-10-25,15.130000114440918,15.220000267028809,14.925000190734863,15.074999809265137,1185200
2004-10-26,15.012499809265137,15.140000343322754,14.899999618530273,15.087499618530273,1603200
2004-10-27,15.149999618530273,15.274999618530273,14.462499618530273,14.682499885559082,3208000
2004-10-28,14.582500457763672,14.697500228881836,14.242500305175781,14.292499542236328,2019200
2004-10-29,14.317500114440918,14.545000076293945,14.274999618530273,14.5,1526800
2004-11-01,14.600000381469727,14.712499618530273,14.27750015258789,14.350000381469727,2208000
2004-11-02,14.75,14.75,14.154999732971191,14.175000190734863,3275600
2004-11-03,14.399999618530273,14.6899995803833,14.287500381469727,14.609999656677246,2431600
2004-11-04,14.734999656677246,14.949999809265137,14.675000190734863,14.75,2762400
2004-11-05,14.824999809265137,14.887499809265137,14.654999732971191,14.762499809265137,1632400
2004-11-08,14.699999809265137,14.71500015258789,14.387499809265137,14.47249984741211,1515200
2004-11-09,14.475000381469727,14.475000381469727,14.324999809265137,14.404999732971191,2184800
2004-11-10,14.475000381469727,14.802499771118164,14.297499656677246,14.78499984741211,2829200
2004-11-11,14.78499984741211,14.8125,14.682499885559082,14.755000114440918,1412000
2004-11-12,14.755000114440918,15.125,14.742500305175781,15.104999542236328,1359600
2004-11-15,15.017499923706055,15.02750015258789,14.470000267028809,14.649999618530273,2813200
2004-11-16,14.6875,14.800000190734863,14.600000381469727,14.600000381469727,2350000
2004-11-17,14.602499961853027,14.757499694824219,14.577500343322754,14.720000267028809,3504000
2004-11-18,14.720000267028809,14.787500381469727,14.604999542236328,14.712499618530273,3878000
2004-11-19,14.774999618530273,15.0600004196167,14.672499656677246,14.982500076293945,2112800
2004-11-22,15.032500267028809,15.244999885559082,15.0,15.239999771118164,1930400
2004-11-23,15.27750015258789,15.637499809265137,15.237500190734863,15.547499656677246,2915200
2004-11-24,15.59749984741211,15.9375,15.462499618530273,15.899999618530273,2773600
2004-11-26,15.925000190734863,16.149999618530273,15.925000190734863,15.987500190734863,562400
2004-11-29,16.012500762939453,16.042499542236328,15.787500381469727,15.920000076293945,1784400
2004-11-30,15.920000076293945,16.079999923706055,15.920000076293945,15.947500228881836,2066400
2004-12-01,15.84749984741211,15.914999961853027,15.449999809265137,15.537500381469727,2037600
2004-12-02,15.53499984741211,15.53499984741211,14.737500190734863,14.942500114440918,2965200
2004-12-03,14.824999809265137,15.199999809265137,14.8100004196167,15.114999771118164,2814000
2004-12-06,15.225000381469727,15.225000381469727,14.84749984741211,15.017499923706055,1706400
2004-12-07,14.987500190734863,15.005000114440918,14.619999885559082,14.795000076293945,2504800
2004-12-08,14.774999618530273,15.020000457763672,14.53499984741211,14.9350004196167,2259200
2004-12-09,15.074999809265137,15.074999809265137,14.837499618530273,15.039999961853027,1865600
2004-12-10,15.0625,15.1274995803833,14.682499885559082,14.7524995803833,1498800
2004-12-13,14.8149995803833,15.072500228881836,14.802499771118164,15.069999694824219,2031600
2004-12-14,15.132499694824219,15.202500343322754,14.899999618530273,15.107500076293945,2068800
2004-12-15,15.140000343322754,15.397500038146973,14.987500190734863,15.385000228881836,2648000
2004-12-16,15.125,15.125,14.444999694824219,14.845000267028809,23430400
2004-12-17,15.012499809265137,15.069999694824219,14.800000190734863,15.037500381469727,9479600
2004-12-20,15.024999618530273,15.175000190734863,14.987500190734863,15.137499809265137,3406400
2004-12-21,15.125,15.444999694824219,15.117500305175781,15.34749984741211,3444400
2004-12-22,15.300000190734863,15.420000076293945,14.982500076293945,15.3125,5656800
2004-12-23,15.292499542236328,15.487500190734863,15.237500190734863,15.375,1964000
2004-12-27,15.3774995803833,15.3774995803833,15.125,15.199999809265137,3802000
2004-12-28,15.175000190734863,15.392499923706055,15.175000190734863,15.305000305175781,1436400
2004-12-29,15.317500114440918,15.3774995803833,15.204999923706055,15.375,2133600
2004-12-30,15.324999809265137,15.324999809265137,15.1875,15.282500267028809,1192000
2004-12-31,15.237500190734863,15.444999694824219,15.225000381469727,15.414999961853027,1604800
2005-01-03,15.337499618530273,15.337499618530273,14.542499542236328,14.5625,4838400
2005-01-04,14.587499618530273,14.707500457763672,14.327500343322754,14.34749984741211,4729600
2005-01-05,14.3125,14.4350004196167,13.979999542236328,14.02750015258789,5198400
2005-01-06,13.9975004196167,14.307499885559082,13.992500305175781,14.180000305175781,6124400
2005-01-07,14.267499923706055,14.267499923706055,13.890000343322754,14.102499961853027,3859200
2005-01-10,14.274999618530273,14.524999618530273,14.260000228881836,14.287500381469727,4277600
2005-01-11,14.25,14.350000381469727,14.154999732971191,14.1875,2484000
2005-01-12,14.194999694824219,14.4399995803833,14.100000381469727,14.390000343322754,3679200
2005-01-13,14.452500343322754,14.819999694824219,14.4375,14.600000381469727,2763600
2005-01-14,14.662500381469727,14.774999618530273,14.524999618530273,14.762499809265137,2092800
2005-01-18,14.899999618530273,15.045000076293945,14.802499771118164,14.942500114440918,2725600
2005-01-19,14.942500114440918,15.0625,14.84749984741211,14.917499542236328,3088800
2005-01-20,14.800000190734863,14.854999542236328,14.482500076293945,14.6850004196167,2938800
2005-01-21,15.0,15.050000190734863,14.707500457763672,14.707500457763672,2676400
2005-01-24,14.837499618530273,14.895000457763672,14.697500228881836,14.71500015258789,1576000
2005-01-25,14.75,14.800000190734863,14.452500343322754,14.579999923706055,2952400
2005-01-26,14.574999809265137,14.75,14.475000381469727,14.72249984741211,2607600
2005-01-27,14.72249984741211,14.912500381469727,14.675000190734863,14.895000457763672,2506800
2005-01-28,14.845000267028809,14.845000267028809,14.489999771118164,14.600000381469727,2134400
2005-01-31,14.5625,14.899999618530273,14.425000190734863,14.792499542236328,2125600
2005-02-01,14.875,15.047499656677246,14.822500228881836,14.867500305175781,4452000
2005-02-02,14.904999732971191,15.057499885559082,14.869999885559082,15.022500038146973,4092000
2005-02-03,14.984999656677246,15.03499984741211,14.800000190734863,14.947500228881836,4792400
2005-02-04,15.010000228881836,15.010000228881836,14.819999694824219,14.949999809265137,5463200
2005-02-07,14.949999809265137,14.992500305175781,14.800000190734863,14.912500381469727,4250800
2005-02-08,14.8774995803833,15.017499923706055,14.787500381469727,14.949999809265137,2676000
2005-02-09,14.949999809265137,15.15999984741211,14.800000190734863,14.987500190734863,3192400
2005-02-10,15.112500190734863,15.430000305175781,15.012499809265137,15.354999542236328,3034400
2005-02-11,15.354999542236328,15.6274995803833,15.237500190734863,15.600000381469727,2704000
2005-02-14,15.737500190734863,15.760000228881836,15.479999542236328,15.5649995803833,2940000
2005-02-15,15.612500190734863,15.612500190734863,15.449999809265137,15.569999694824219,1908000
2005-02-16,15.619999885559082,16.112499237060547,15.532500267028809,16.075000762939453,2871600
2005-02-17,16.079999923706055,16.112499237060547,15.725000381469727,15.875,4899200
2005-02-18,15.907500267028809,16.280000686645508,15.907500267028809,16.21500015258789,2845200
2005-02-22,16.27750015258789,16.487499237060547,15.927499771118164,16.0049991607666,6096400
2005-02-23,16.200000762939453,16.350000381469727,16.037500381469727,16.114999771118164,3040800
2005-02-24,16.217500686645508,16.517499923706055,16.100000381469727,16.514999389648438,3074800
2005-02-25,16.452499389648438,17.145000457763672,16.452499389648438,17.112499237060547,6318000
2005-02-28,17.137500762939453,17.512500762939453,16.454999923706055,16.90999984741211,5240400
2005-03-01,16.875,16.905000686645508,16.200000762939453,16.56999969482422,3945600
2005-03-02,16.5575008392334,16.842500686645508,16.450000762939453,16.8125,3888800
2005-03-03,16.987499237060547,17.174999237060547,16.962499618530273,17.059999465942383,3844800
2005-03-04,17.06999969482422,17.1924991607666,16.940000534057617,17.167499542236328,4712800
2005-03-07,17.167499542236328,17.227500915527344,16.8700008392334,17.149999618530273,2494400
2005-03-08,17.177499771118164,17.3125,17.0625,17.1200008392334,2834400
2005-03-09,17.207500457763672,17.647499084472656,16.915000915527344,16.9325008392334,5699200
2005-03-10,16.827499389648438,16.827499389648438,16.165000915527344,16.530000686645508,4006000
2005-03-11,16.530000686645508,17.020000457763672,16.479999542236328,16.809999465942383,3784000
2005-03-14,16.8125,16.9950008392334,16.625,16.947500228881836,2786000
2005-03-15,16.997499465942383,17.100000381469727,16.7450008392334,16.790000915527344,2218000
2005-03-16,16.790000915527344,17.075000762939453,16.647499084472656,16.770000457763672,3642400
2005-03-17,16.912500381469727,17.174999237060547,16.842500686645508,16.934999465942383,3292800
2005-03-18,17.049999237060547,17.21500015258789,16.950000762939453,17.172500610351562,3259200
2005-03-21,17.162500381469727,17.299999237060547,16.917499542236328,17.11750030517578,2365200
2005-03-22,17.11750030517578,17.417499542236328,16.982500076293945,16.989999771118164,2911600
2005-03-23,16.815000534057617,16.815000534057617,16.399999618530273,16.517499923706055,3494000
2005-03-24,16.594999313354492,16.899999618530273,16.4325008392334,16.587499618530273,3442000
2005-03-28,16.587499618530273,16.700000762939453,16.424999237060547,16.575000762939453,3140800
2005-03-29,16.512500762939453,16.719999313354492,16.212499618530273,16.227500915527344,3050800
2005-03-30,16.290000915527344,16.520000457763672,16.104999542236328,16.510000228881836,4600400
2005-03-31,16.6875,17.092500686645508,16.684999465942383,17.0049991607666,3047200
2005-04-01,17.25,17.625,17.22249984741211,17.59749984741211,3210000
2005-04-04,17.725000381469727,17.899999618530273,17.297500610351562,17.530000686645508,3444400
2005-04-05,17.5049991607666,17.635000228881836,17.25749969482422,17.332500457763672,1992800
2005-04-06,17.282499313354492,17.665000915527344,17.212499618530273,17.549999237060547,2666800
2005-04-07,17.68000030517578,17.717500686645508,17.21500015258789,17.50749969482422,3392400
2005-04-08,17.482500076293945,17.559999465942383,17.122499465942383,17.137500762939453,2468800
2005-04-11,17.137500762939453,17.302499771118164,16.934999465942383,17.237499237060547,2505600
2005-04-12,17.239999771118164,17.325000762939453,16.702499389648438,16.809999465942383,3474800
2005-04-13,16.747499465942383,16.802499771118164,16.415000915527344,16.46500015258789,3626000
2005-04-14,16.612499237060547,16.75,16.450000762939453,16.477500915527344,5145200
2005-04-15,16.477500915527344,16.477500915527344,15.662500381469727,15.827500343322754,6552800
2005-04-18,15.774999618530273,16.0,15.649999618530273,15.960000038146973,3659600
2005-04-19,16.110000610351562,16.27750015258789,16.110000610351562,16.2549991607666,3596000
2005-04-20,16.399999618530273,16.412500381469727,15.895000457763672,15.914999961853027,2694800
2005-04-21,15.977499961853027,16.3125,15.822500228881836,16.290000915527344,2320400
2005-04-22,16.375,16.674999237060547,16.232500076293945,16.487499237060547,3239600
2005-04-25,16.75,16.875,16.6825008392334,16.852500915527344,2687200
2005-04-26,16.827499389648438,16.854999542236328,16.649999618530273,16.729999542236328,3326000
2005-04-27,16.71500015258789,16.737499237060547,16.325000762939453,16.3799991607666,4316400
2005-04-28,16.38249969482422,16.38249969482422,15.914999961853027,16.079999923706055,2500800
2005-04-29,16.15250015258789,16.225000381469727,15.850000381469727,16.030000686645508,3568400
2005-05-02,16.030000686645508,16.362499237060547,15.827500343322754,16.350000381469727,1888000
2005-05-03,16.225000381469727,16.239999771118164,15.795000076293945,15.832500457763672,1724000
2005-05-04,15.9375,16.350000381469727,15.755000114440918,16.350000381469727,3669600
2005-05-05,16.399999618530273,16.592500686645508,16.25,16.332500457763672,3582400
2005-05-06,16.399999618530273,16.422500610351562,16.0674991607666,16.13249969482422,3464800
2005-05-09,16.274999618530273,16.31999969482422,16.18000030517578,16.225000381469727,3214800
2005-05-10,16.200000762939453,16.3125,16.100000381469727,16.190000534057617,3807600
2005-05-11,16.274999618530273,16.662500381469727,16.252500534057617,16.657499313354492,7020000
2005-05-12,16.850000381469727,16.975000381469727,16.219999313354492,16.397499084472656,12784800
2005-05-13,16.434999465942383,16.52750015258789,16.209999084472656,16.3174991607666,6972400
2005-05-16,16.087499618530273,16.717500686645508,16.075000762939453,16.717500686645508,14328800
2005-05-17,16.5625,16.957500457763672,16.469999313354492,16.9325008392334,7026400
2005-05-18,17.049999237060547,17.375,17.0,17.212499618530273,7713200
2005-05-19,17.1875,17.469999313354492,17.162500381469727,17.412500381469727,10061200
2005-05-20,17.450000762939453,17.5,17.3075008392334,17.375,4873200
2005-05-23,17.299999237060547,17.665000915527344,17.299999237060547,17.575000762939453,6700800
2005-05-24,17.592500686645508,17.737499237060547,17.452499389648438,17.737499237060547,4793200
2005-05-25,17.75749969482422,18.077499389648438,17.612499237060547,17.90250015258789,4493600
2005-05-26,18.112499237060547,18.112499237060547,17.84000015258789,18.037500381469727,3714400
2005-05-27,18.087499618530273,18.377500534057617,18.047500610351562,18.3125,4154400
2005-05-31,18.274999618530273,18.639999389648438,18.125,18.592500686645508,8029600
2005-06-01,18.6875,18.739999771118164,18.5,18.6299991607666,5656000
2005-06-02,18.6200008392334,18.764999389648438,18.512500762939453,18.764999389648438,3874000
2005-06-03,18.827499389648438,19.00749969482422,18.729999542236328,18.862499237060547,3336400
2005-06-06,18.924999237060547,18.975000381469727,18.579999923706055,18.700000762939453,5322800
2005-06-07,18.700000762939453,18.832500457763672,18.489999771118164,18.5575008392334,4218800
2005-06-08,18.487499237060547,18.969999313354492,18.487499237060547,18.827499389648438,5576800
2005-06-09,18.827499389648438,19.237499237060547,18.74250030517578,19.225000381469727,3520800
2005-06-10,19.237499237060547,19.272499084472656,18.934999465942383,19.0625,2507200
2005-06-13,18.962499618530273,19.237499237060547,18.9375,19.212499618530273,2416000
2005-06-14,19.212499618530273,19.282499313354492,18.982500076293945,19.137500762939453,2940000
2005-06-15,19.200000762939453,19.3125,19.079999923706055,19.262500762939453,2374400
2005-06-16,19.225000381469727,19.459999084472656,19.18000030517578,19.459999084472656,2318800
2005-06-17,19.5625,19.670000076293945,19.327499389648438,19.610000610351562,4920800
2005-06-20,19.65999984741211,19.719999313354492,19.219999313354492,19.387500762939453,5165200
2005-06-21,19.299999237060547,19.399999618530273,18.844999313354492,18.889999389648438,3176800
2005-06-22,18.924999237060547,19.087499618530273,18.81999969482422,19.077499389648438,4117600
2005-06-23,19.13249969482422,19.5049991607666,19.002500534057617,19.137500762939453,2061600
2005-06-24,19.219999313354492,19.309999465942383,18.822500228881836,18.837499618530273,2705200
2005-06-27,18.967500686645508,19.34749984741211,18.905000686645508,19.075000762939453,4345200
2005-06-28,19.0,19.022499084472656,18.5049991607666,18.690000534057617,4292000
2005-06-29,18.735000610351562,18.950000762939453,18.5674991607666,18.837499618530273,2435600
2005-06-30,18.9375,19.395000457763672,18.907499313354492,18.912500381469727,3062800
2005-07-01,18.947500228881836,19.412500381469727,18.9375,19.405000686645508,2616000
2005-07-05,19.5,19.862499237060547,19.450000762939453,19.712499618530273,3418400
2005-07-06,19.799999237060547,19.94499969482422,19.30500030517578,19.532499313354492,2903200
2005-07-07,19.25,19.9424991607666,19.225000381469727,19.9424991607666,3712800
2005-07-08,19.975000381469727,20.142499923706055,19.65999984741211,19.850000381469727,3296400
2005-07-11,19.700000762939453,20.03499984741211,19.655000686645508,20.03499984741211,2290400
2005-07-12,20.0,20.332500457763672,19.967500686645508,20.22249984741211,3167200
2005-07-13,20.25,20.334999084472656,19.954999923706055,20.03499984741211,1992000
2005-07-14,20.0625,20.197500228881836,19.207500457763672,19.412500381469727,3006400
2005-07-15,19.662500381469727,19.875,19.415000915527344,19.549999237060547,4185600
2005-07-18,19.549999237060547,19.662500381469727,19.375,19.575000762939453,2228800
2005-07-19,19.725000381469727,19.99250030517578,19.607500076293945,19.94499969482422,1768000
2005-07-20,19.957500457763672,19.987499237060547,19.707500457763672,19.962499618530273,2756000
2005-07-21,19.899999618530273,20.112499237060547,19.6924991607666,19.979999542236328,3156400
2005-07-22,20.125,20.677499771118164,20.125,20.549999237060547,3460000
2005-07-25,20.462499618530273,20.7450008392334,20.302499771118164,20.4375,2342000
2005-07-26,20.25,20.392499923706055,20.149999618530273,20.204999923706055,2868800
2005-07-27,20.204999923706055,20.352500915527344,20.024999618530273,20.344999313354492,1562800
2005-07-28,20.520000457763672,20.690000534057617,20.34000015258789,20.647499084472656,2759200
2005-07-29,20.719999313354492,20.767499923706055,20.565000534057617,20.627500534057617,2498800
2005-08-01,20.690000534057617,20.8125,20.65250015258789,20.732500076293945,2203200
2005-08-02,20.762500762939453,21.3700008392334,20.75,21.3700008392334,4028800
2005-08-03,21.625,22.100000381469727,21.364999771118164,21.542499542236328,5730400
2005-08-04,21.475000381469727,21.920000076293945,21.462499618530273,21.920000076293945,3012000
2005-08-05,21.9325008392334,21.9424991607666,21.510000228881836,21.5625,3862000
2005-08-08,21.9375,22.21500015258789,21.6200008392334,21.690000534057617,2641200
2005-08-09,21.690000534057617,21.725000381469727,21.377500534057617,21.579999923706055,2894000
2005-08-10,21.697500228881836,22.202499389648438,21.584999084472656,22.139999389648438,3284400
2005-08-11,22.190000534057617,22.325000762939453,21.72249984741211,22.0049991607666,3174800
2005-08-12,22.082500457763672,22.172500610351562,21.832500457763672,22.142499923706055,2905600
2005-08-15,22.065000534057617,22.09749984741211,21.65999984741211,21.81999969482422,2060400
2005-08-16,21.725000381469727,21.799999237060547,21.24250030517578,21.25,2550400
2005-08-17,21.1875,21.399999618530273,20.364999771118164,20.674999237060547,5166000
2005-08-18,20.475000381469727,20.8125,20.399999618530273,20.772499084472656,3726400
2005-08-19,20.897499084472656,21.299999237060547,20.887500762939453,21.092500686645508,3805600
2005-08-22,21.177499771118164,21.34000015258789,20.892499923706055,21.065000534057617,3590800
2005-08-23,21.190000534057617,21.295000076293945,20.69499969482422,21.075000762939453,4390400
2005-08-24,21.200000762939453,21.522499084472656,20.887500762939453,21.315000534057617,3326400
2005-08-25,21.174999237060547,21.34000015258789,21.107500076293945,21.34000015258789,2532800
2005-08-26,21.28499984741211,21.415000915527344,21.049999237060547,21.13249969482422,2229600
2005-08-29,21.350000381469727,21.497499465942383,20.864999771118164,21.09000015258789,3947200
2005-08-30,21.184999465942383,21.522499084472656,21.172500610351562,21.332500457763672,2835600
2005-08-31,21.38249969482422,22.19499969482422,21.352500915527344,22.03499984741211,3783200
2005-09-01,22.149999618530273,22.43000030517578,22.102500915527344,22.3075008392334,3958800
2005-09-02,22.149999618530273,22.149999618530273,21.657499313354492,21.762500762939453,2382000
2005-09-06,21.8125,21.975000381469727,21.395000457763672,21.707500457763672,3291600
2005-09-07,21.75,21.959999084472656,21.637500762939453,21.8075008392334,2314000
2005-09-08,21.950000762939453,22.165000915527344,21.877500534057617,21.950000762939453,2613600
2005-09-09,22.100000381469727,22.600000381469727,22.100000381469727,22.450000762939453,2790000
2005-09-12,22.325000762939453,22.325000762939453,21.88249969482422,21.950000762939453,2848400
2005-09-13,21.952499389648438,22.142499923706055,21.84000015258789,21.88249969482422,2705200
2005-09-14,22.094999313354492,22.207500457763672,21.84749984741211,22.137500762939453,3003200
2005-09-15,22.600000381469727,22.625,21.93000030517578,22.190000534057617,2758400
2005-09-16,22.204999923706055,22.420000076293945,22.100000381469727,22.3700008392334,3704000
2005-09-19,22.670000076293945,23.25,22.670000076293945,22.825000762939453,4135400
2005-09-20,22.825000762939453,23.0,22.549999237060547,22.709999084472656,3859200
2005-09-21,23.174999237060547,23.600000381469727,23.15999984741211,23.295000076293945,3531600
2005-09-22,23.549999237060547,23.93000030517578,22.7549991607666,23.2549991607666,4468600
2005-09-23,23.2549991607666,23.274999618530273,22.80500030517578,22.915000915527344,2677000
2005-09-26,22.895000457763672,23.454999923706055,22.625,23.385000228881836,2457000
2005-09-27,23.299999237060547,23.299999237060547,22.764999389648438,23.079999923706055,3065200
2005-09-28,23.165000915527344,23.385000228881836,22.80500030517578,23.299999237060547,2588400
2005-09-29,23.43000030517578,23.760000228881836,23.325000762939453,23.760000228881836,3281400
2005-09-30,23.760000228881836,23.90999984741211,23.40999984741211,23.450000762939453,3379400
2005-10-03,23.5049991607666,23.979999542236328,23.5,23.895000457763672,3666200
2005-10-04,24.375,24.375,23.049999237060547,23.049999237060547,3049200
2005-10-05,23.100000381469727,23.165000915527344,21.7549991607666,22.03499984741211,4630800
2005-10-06,21.5,21.5,20.3700008392334,20.780000686645508,6141600
2005-10-07,21.075000762939453,21.190000534057617,20.549999237060547,20.924999237060547,5021800
2005-10-10,20.9950008392334,21.18000030517578,20.614999771118164,20.979999542236328,4328200
2005-10-11,21.229999542236328,21.479999542236328,21.049999237060547,21.25,4166800
2005-10-12,21.200000762939453,21.479999542236328,20.469999313354492,20.635000228881836,4541400
2005-10-13,20.375,20.389999389648438,19.200000762939453,19.8799991607666,5202400
2005-10-14,19.700000762939453,20.235000610351562,19.6200008392334,20.219999313354492,5850000
2005-10-17,20.450000762939453,20.829999923706055,20.21500015258789,20.395000457763672,4077000
2005-10-18,20.19499969482422,20.295000076293945,19.475000381469727,19.485000610351562,4279600
2005-10-19,19.485000610351562,19.549999237060547,18.389999389648438,19.510000228881836,5845000
2005-10-20,19.200000762939453,19.31999969482422,18.075000762939453,18.450000762939453,5931600
2005-10-21,17.600000381469727,18.84000015258789,17.575000762939453,18.614999771118164,4588600
2005-10-24,18.5,19.510000228881836,18.40999984741211,19.354999542236328,3650800
2005-10-25,19.385000228881836,19.96500015258789,19.385000228881836,19.940000534057617,3402200
2005-10-26,19.940000534057617,20.3799991607666,19.549999237060547,19.690000534057617,4033800
2005-10-27,19.80500030517578,19.979999542236328,19.139999389648438,19.299999237060547,3935400
2005-10-28,19.584999084472656,20.18000030517578,19.100000381469727,20.0,3143400
2005-10-31,20.020000457763672,20.475000381469727,19.635000228881836,20.024999618530273,3578200
2005-11-01,19.899999618530273,20.450000762939453,19.809999465942383,20.364999771118164,3280000
2005-11-02,20.364999771118164,20.725000381469727,20.114999771118164,20.440000534057617,3149000
2005-11-03,20.4950008392334,20.809999465942383,20.15999984741211,20.489999771118164,3435200
2005-11-04,20.325000762939453,20.350000381469727,19.25,19.690000534057617,5086800
2005-11-07,19.690000534057617,19.690000534057617,19.065000534057617,19.125,3170200
2005-11-08,18.809999465942383,19.19499969482422,18.764999389648438,19.0049991607666,3791000
2005-11-09,18.93000030517578,19.1200008392334,18.475000381469727,18.809999465942383,4359400
2005-11-10,18.375,18.405000686645508,17.899999618530273,17.979999542236328,5014600
2005-11-11,17.854999542236328,18.3700008392334,17.854999542236328,18.309999465942383,4878200
2005-11-14,18.459999084472656,18.665000915527344,18.274999618530273,18.420000076293945,3708400
2005-11-15,18.399999618530273,19.389999389648438,18.385000228881836,18.799999237060547,4076400
2005-11-16,18.8799991607666,19.344999313354492,18.674999237060547,19.270000457763672,3159800
2005-11-17,19.549999237060547,19.565000534057617,18.969999313354492,19.110000610351562,3754800
2005-11-18,19.209999084472656,19.209999084472656,18.719999313354492,18.815000534057617,2692800
2005-11-21,18.924999237060547,19.184999465942383,18.80500030517578,19.165000915527344,2844400
2005-11-22,19.420000076293945,19.8700008392334,19.299999237060547,19.8700008392334,3504400
2005-11-23,19.65999984741211,19.7450008392334,19.395000457763672,19.43000030517578,2777600
2005-11-25,19.43000030517578,19.68000030517578,19.43000030517578,19.565000534057617,812400
2005-11-28,19.200000762939453,19.204999923706055,18.184999465942383,18.28499984741211,4133000
2005-11-29,18.600000381469727,18.7549991607666,18.399999618530273,18.575000762939453,4750600
2005-11-30,18.540000915527344,18.770000457763672,18.514999389648438,18.684999465942383,2622400
2005-12-01,18.799999237060547,19.0,18.684999465942383,18.954999923706055,7640000
2005-12-02,19.045000076293945,19.125,18.725000381469727,18.9950008392334,4564800
2005-12-05,19.19499969482422,19.299999237060547,18.9950008392334,19.049999237060547,6254400
2005-12-06,19.125,20.524999618530273,19.049999237060547,20.364999771118164,7409600
2005-12-07,20.75,21.235000610351562,20.65999984741211,20.770000457763672,7365600
2005-12-08,20.850000381469727,21.344999313354492,20.729999542236328,21.325000762939453,3940400
2005-12-09,21.25,21.25,20.670000076293945,21.040000915527344,2798200
2005-12-12,21.604999542236328,21.635000228881836,21.19499969482422,21.375,2894000
2005-12-13,21.649999618530273,22.2549991607666,21.649999618530273,21.8799991607666,4761600
2005-12-14,21.834999084472656,22.079999923706055,21.514999389648438,21.975000381469727,2772800
2005-12-15,21.950000762939453,21.950000762939453,21.075000762939453,21.645000457763672,4008000
2005-12-16,21.729999542236328,21.7450008392334,20.93000030517578,20.96500015258789,2800600
2005-12-19,20.979999542236328,21.200000762939453,20.68000030517578,20.84000015258789,1968400
2005-12-20,21.024999618530273,21.145000457763672,20.829999923706055,21.0,1781800
2005-12-21,21.149999618530273,21.334999084472656,20.844999313354492,21.075000762939453,1849200
2005-12-22,21.200000762939453,21.450000762939453,21.125,21.229999542236328,2271200
2005-12-23,21.024999618530273,21.049999237060547,20.485000610351562,20.899999618530273,1832600
2005-12-27,20.725000381469727,20.725000381469727,19.825000762939453,20.03499984741211,2618800
2005-12-28,20.03499984741211,20.540000915527344,19.96500015258789,20.44499969482422,1712000
2005-12-29,20.40999984741211,20.4950008392334,20.084999084472656,20.125,1569800
2005-12-30,19.924999237060547,20.344999313354492,19.774999618530273,20.149999618530273,1721200
2006-01-03,20.350000381469727,20.78499984741211,20.274999618530273,20.700000762939453,3486200
2006-01-04,20.375,21.100000381469727,20.264999389648438,20.985000610351562,3247000
2006-01-05,20.774999618530273,20.924999237060547,20.18000030517578,20.31999969482422,2927800
2006-01-06,20.625,21.424999237060547,20.510000228881836,21.364999771118164,5483200
2006-01-09,21.364999771118164,21.415000915527344,20.799999237060547,21.149999618530273,3037000
2006-01-10,21.049999237060547,21.709999084472656,21.030000686645508,21.239999771118164,3204800
2006-01-11,21.075000762939453,21.5,20.899999618530273,21.40999984741211,3319400
2006-01-12,21.575000762939453,21.934999465942383,21.110000610351562,21.145000457763672,2542800
2006-01-13,20.905000686645508,21.625,20.899999618530273,21.59000015258789,2189200
2006-01-17,21.950000762939453,22.125,21.575000762939453,21.684999465942383,3245200
2006-01-18,21.635000228881836,21.690000534057617,20.71500015258789,21.145000457763672,2640600
2006-01-19,21.174999237060547,21.915000915527344,21.0,21.844999313354492,2877600
2006-01-20,22.399999618530273,22.450000762939453,21.670000076293945,22.09000015258789,2691600
2006-01-23,21.96500015258789,22.469999313354492,21.8799991607666,22.385000228881836,2851600
2006-01-24,22.299999237060547,22.934999465942383,22.274999618530273,22.649999618530273,4529200
2006-01-25,22.75,22.764999389648438,21.739999771118164,21.985000610351562,3948400
2006-01-26,22.049999237060547,22.125,21.204999923706055,21.90999984741211,3137400
2006-01-27,22.25,22.424999237060547,21.854999542236328,22.200000762939453,3135600
2006-01-30,22.540000915527344,23.0,22.5049991607666,22.885000228881836,2324800
2006-01-31,22.854999542236328,23.264999389648438,22.829999923706055,23.139999389648438,2219400
2006-02-01,23.104999542236328,23.454999923706055,22.485000610351562,22.549999237060547,2584600
2006-02-02,22.415000915527344,22.719999313354492,22.075000762939453,22.434999465942383,3129000
2006-02-03,22.375,22.485000610351562,21.954999923706055,22.25,1901600
2006-02-06,22.5,22.71500015258789,22.100000381469727,22.364999771118164,2100200
2006-02-07,22.25,22.270000457763672,21.325000762939453,21.350000381469727,4416200
2006-02-08,21.25,21.610000610351562,20.709999084472656,21.395000457763672,3438600
2006-02-09,21.549999237060547,21.959999084472656,20.594999313354492,20.6299991607666,4035200
2006-02-10,20.68000030517578,21.344999313354492,20.155000686645508,21.170000076293945,4942400
2006-02-13,21.049999237060547,21.200000762939453,20.385000228881836,20.4950008392334,2700400
2006-02-14,20.104999542236328,20.53499984741211,19.725000381469727,20.34000015258789,3427200
2006-02-15,20.46500015258789,20.825000762939453,20.110000610351562,20.235000610351562,2536800
2006-02-16,20.600000381469727,21.200000762939453,20.524999618530273,21.065000534057617,2382600
2006-02-17,21.139999389648438,21.399999618530273,20.774999618530273,21.020000457763672,3164600
2006-02-21,21.5,21.68000030517578,21.06999969482422,21.344999313354492,2411400
2006-02-22,21.0,21.079999923706055,20.65999984741211,20.815000534057617,1896600
2006-02-23,21.0,21.420000076293945,20.649999618530273,20.975000381469727,2310800
2006-02-24,21.229999542236328,21.825000762939453,21.149999618530273,21.739999771118164,3049600
2006-02-27,21.489999771118164,21.649999618530273,21.135000228881836,21.209999084472656,2142400
2006-02-28,21.104999542236328,21.395000457763672,20.834999084472656,21.020000457763672,3503600
2006-03-01,21.114999771118164,21.139999389648438,20.7450008392334,20.809999465942383,3322600
2006-03-02,20.799999237060547,21.25,20.735000610351562,21.024999618530273,2161200
2006-03-03,20.75,21.114999771118164,20.68000030517578,20.71500015258789,3184200
2006-03-06,20.489999771118164,20.55500030517578,20.084999084472656,20.104999542236328,2248400
2006-03-07,19.9950008392334,19.9950008392334,19.375,19.524999618530273,2801600
2006-03-08,19.299999237060547,19.885000228881836,19.15999984741211,19.690000534057617,2514200
2006-03-09,19.80500030517578,19.959999084472656,19.3700008392334,19.59000015258789,2261200
2006-03-10,19.399999618530273,19.844999313354492,19.264999389648438,19.545000076293945,1957200
2006-03-13,19.950000762939453,20.299999237060547,19.8700008392334,20.139999389648438,3085800
2006-03-14,20.149999618530273,20.6299991607666,20.020000457763672,20.53499984741211,2649400
2006-03-15,20.334999084472656,20.725000381469727,20.2450008392334,20.59000015258789,1945600
2006-03-16,20.59000015258789,21.110000610351562,20.459999084472656,21.049999237060547,2419200
2006-03-17,21.260000228881836,21.290000915527344,20.895000457763672,20.954999923706055,2543800
2006-03-20,20.75,21.0049991607666,20.440000534057617,20.53499984741211,2227000
2006-03-21,20.135000228881836,20.690000534057617,20.135000228881836,20.30500030517578,2167800
2006-03-22,20.204999923706055,20.940000534057617,20.204999923706055,20.719999313354492,2455800
2006-03-23,20.795000076293945,21.280000686645508,20.729999542236328,21.190000534057617,1971800
2006-03-24,21.174999237060547,21.450000762939453,20.959999084472656,21.440000534057617,2646200
2006-03-27,21.299999237060547,21.610000610351562,21.079999923706055,21.579999923706055,2467400
2006-03-28,21.829999923706055,22.075000762939453,21.665000915527344,21.739999771118164,1764200
2006-03-29,21.7450008392334,22.21500015258789,21.704999923706055,22.110000610351562,1943600
2006-03-30,22.209999084472656,22.395000457763672,21.860000610351562,22.21500015258789,1828000
2006-03-31,22.0,22.03499984741211,21.704999923706055,21.959999084472656,2138200
2006-04-03,22.149999618530273,22.420000076293945,21.90999984741211,22.024999618530273,2236600
2006-04-04,21.950000762939453,22.100000381469727,21.790000915527344,21.96500015258789,1568800
2006-04-05,21.915000915527344,22.44499969482422,21.834999084472656,22.290000915527344,1842400
2006-04-06,22.299999237060547,22.405000686645508,21.90999984741211,22.200000762939453,1959800
2006-04-07,22.0,22.19499969482422,21.690000534057617,21.959999084472656,1767200
2006-04-10,22.25,22.610000610351562,22.204999923706055,22.43000030517578,2515200
2006-04-11,22.510000228881836,22.674999237060547,22.2549991607666,22.3799991607666,2057200
2006-04-12,22.405000686645508,22.6299991607666,22.219999313354492,22.459999084472656,2252600
2006-04-13,22.274999618530273,22.649999618530273,22.049999237060547,22.55500030517578,1554600
2006-04-17,22.80500030517578,22.979999542236328,22.684999465942383,22.899999618530273,1621600
2006-04-18,23.225000381469727,23.53499984741211,23.155000686645508,23.450000762939453,2679600
2006-04-19,23.405000686645508,23.905000686645508,23.25,23.8700008392334,2201800
2006-04-20,23.770000457763672,23.834999084472656,23.229999542236328,23.649999618530273,3002600
2006-04-21,23.799999237060547,24.1299991607666,23.709999084472656,24.014999389648438,2519200
2006-04-24,23.75,23.780000686645508,23.229999542236328,23.395000457763672,2030800
2006-04-25,23.674999237060547,23.7450008392334,22.579999923706055,22.825000762939453,3566800
2006-04-26,22.950000762939453,23.31999969482422,22.264999389648438,22.325000762939453,1842200
2006-04-27,21.850000381469727,22.459999084472656,21.700000762939453,22.079999923706055,2227400
2006-04-28,22.204999923706055,22.8799991607666,22.049999237060547,22.489999771118164,2737200
2006-05-01,22.649999618530273,23.375,22.575000762939453,23.049999237060547,3014400
2006-05-02,23.350000381469727,24.350000381469727,23.264999389648438,24.334999084472656,4074800
2006-05-03,24.334999084472656,24.334999084472656,23.510000228881836,23.700000762939453,3673800
2006-05-04,23.450000762939453,23.860000610351562,23.0,23.200000762939453,2599400
2006-05-05,23.5,23.864999771118164,23.405000686645508,23.864999771118164,1472400
2006-05-08,23.5,23.735000610351562,23.200000762939453,23.635000228881836,1325200
2006-05-09,23.635000228881836,24.149999618530273,23.454999923706055,23.725000381469727,2712000
2006-05-10,23.600000381469727,24.25,23.53499984741211,24.239999771118164,2143000
2006-05-11,24.549999237060547,24.665000915527344,23.875,23.885000228881836,1887000
2006-05-12,23.760000228881836,23.799999237060547,23.024999618530273,23.094999313354492,2206200
2006-05-15,22.25,22.709999084472656,22.21500015258789,22.454999923706055,3079000
2006-05-16,22.625,23.235000610351562,22.399999618530273,22.479999542236328,3820800
2006-05-17,22.485000610351562,22.809999465942383,21.579999923706055,21.704999923706055,4024800
2006-05-18,21.80500030517578,21.985000610351562,21.280000686645508,21.299999237060547,2949800
2006-05-19,21.1299991607666,21.510000228881836,20.68000030517578,21.440000534057617,3195200
2006-05-22,21.0,21.15999984741211,20.075000762939453,20.985000610351562,4170600
2006-05-23,21.104999542236328,21.725000381469727,20.690000534057617,20.75,2750400
2006-05-24,20.475000381469727,21.065000534057617,19.93000030517578,20.344999313354492,3222200
2006-05-25,20.610000610351562,21.100000381469727,20.450000762939453,20.8700008392334,1995800
2006-05-26,20.924999237060547,21.1200008392334,20.725000381469727,21.045000076293945,1216200
2006-05-30,21.350000381469727,21.424999237060547,20.704999923706055,20.709999084472656,2282800
2006-05-31,21.0,21.780000686645508,20.854999542236328,21.729999542236328,3548800
2006-06-01,21.43000030517578,22.030000686645508,21.280000686645508,22.0049991607666,2301000
2006-06-02,22.25,22.270000457763672,21.844999313354492,22.25,1860200
2006-06-05,22.375,22.415000915527344,21.260000228881836,21.375,1778200
2006-06-06,21.375,21.579999923706055,20.84000015258789,21.274999618530273,2550800
2006-06-07,21.274999618530273,21.354999542236328,20.55500030517578,20.579999923706055,3633400
2006-06-08,20.25,20.389999389648438,19.520000457763672,20.354999542236328,5526000
2006-06-09,20.514999389648438,20.514999389648438,19.5,19.96500015258789,6020000
2006-06-12,20.125,20.239999771118164,19.21500015258789,19.239999771118164,2734600
2006-06-13,19.135000228881836,19.274999618530273,18.06999969482422,18.139999389648438,5042800
2006-06-14,18.239999771118164,18.645000457763672,18.100000381469727,18.635000228881836,6651600
2006-06-15,18.899999618530273,19.239999771118164,18.780000686645508,19.09000015258789,7014800
2006-06-16,19.219999313354492,19.549999237060547,18.790000915527344,19.415000915527344,3893400
2006-06-19,19.28499984741211,19.299999237060547,18.405000686645508,18.540000915527344,3497200
2006-06-20,18.700000762939453,19.059999465942383,18.415000915527344,18.459999084472656,2741400
2006-06-21,18.549999237060547,19.31999969482422,18.524999618530273,18.96500015258789,3315000
2006-06-22,18.934999465942383,19.114999771118164,18.674999237060547,18.989999771118164,2390400
2006-06-23,20.174999237060547,21.010000228881836,20.1200008392334,20.325000762939453,7662600
2006-06-26,20.325000762939453,20.594999313354492,20.030000686645508,20.56999969482422,2329400
2006-06-27,20.700000762939453,21.290000915527344,20.655000686645508,21.125,4356800
2006-06-28,21.25,21.834999084472656,21.18000030517578,21.829999923706055,4868000
2006-06-29,22.0,23.2450008392334,21.875,23.165000915527344,6848800
2006-06-30,23.315000534057617,23.68000030517578,22.854999542236328,23.43000030517578,5321600
2006-07-03,23.549999237060547,23.8700008392334,23.315000534057617,23.864999771118164,1390800
2006-07-05,23.799999237060547,24.375,23.635000228881836,24.25,6207800
2006-07-06,24.25,24.43000030517578,24.0,24.155000686645508,3788000
2006-07-07,24.2549991607666,24.44499969482422,23.5049991607666,23.649999618530273,3192400
2006-07-10,23.610000610351562,23.670000076293945,23.274999618530273,23.545000076293945,2943400
2006-07-11,23.700000762939453,23.809999465942383,23.334999084472656,23.71500015258789,2141800
2006-07-12,23.75,23.924999237060547,23.364999771118164,23.59000015258789,2942200
2006-07-13,23.549999237060547,23.6200008392334,23.049999237060547,23.540000915527344,5311800
2006-07-14,23.5,23.635000228881836,22.725000381469727,23.354999542236328,4929200
2006-07-17,23.125,23.485000610351562,22.93000030517578,23.100000381469727,4179200
2006-07-18,23.475000381469727,23.8799991607666,23.065000534057617,23.274999618530273,4941200
2006-07-19,23.19499969482422,23.78499984741211,23.094999313354492,23.725000381469727,3786400
2006-07-20,23.625,23.93000030517578,23.170000076293945,23.170000076293945,2815200
2006-07-21,23.174999237060547,23.5,22.665000915527344,22.950000762939453,2922000
2006-07-24,23.03499984741211,24.0,23.024999618530273,23.940000534057617,2865200
2006-07-25,24.065000534057617,24.55500030517578,24.0,24.5049991607666,4140200
2006-07-26,24.565000534057617,25.075000762939453,24.165000915527344,24.860000610351562,5401800
2006-07-27,24.860000610351562,25.0,24.25,24.450000762939453,3176400
2006-07-28,24.325000762939453,24.889999389648438,24.290000915527344,24.860000610351562,2083200
2006-07-31,25.0,25.375,24.94499969482422,25.30500030517578,2812400
2006-08-01,25.424999237060547,25.575000762939453,24.625,25.4950008392334,3394200
2006-08-02,25.7450008392334,25.854999542236328,25.05500030517578,25.260000228881836,3567600
2006-08-03,24.25,25.030000686645508,24.219999313354492,24.610000610351562,3755400
2006-08-04,24.735000610351562,24.905000686645508,23.985000610351562,24.2450008392334,3889400
2006-08-07,24.34000015258789,25.09000015258789,24.139999389648438,24.94499969482422,3515000
2006-08-08,24.81999969482422,25.235000610351562,24.71500015258789,24.799999237060547,4256000
2006-08-09,25.075000762939453,25.809999465942383,25.075000762939453,25.260000228881836,5767200
2006-08-10,25.065000534057617,25.25,24.854999542236328,25.184999465942383,3797600
2006-08-11,25.125,25.299999237060547,24.80500030517578,24.969999313354492,2277200
2006-08-14,24.600000381469727,24.65999984741211,24.149999618530273,24.30500030517578,2460400
2006-08-15,24.5,24.825000762939453,24.299999237060547,24.700000762939453,3731000
2006-08-16,24.670000076293945,25.18000030517578,24.670000076293945,24.920000076293945,4434800
2006-08-17,24.549999237060547,24.604999542236328,23.924999237060547,24.260000228881836,3205600
2006-08-18,24.3700008392334,24.649999618530273,24.05500030517578,24.540000915527344,2624000
2006-08-21,24.665000915527344,25.05500030517578,24.59000015258789,24.709999084472656,1709000
2006-08-22,24.614999771118164,25.204999923706055,24.594999313354492,25.18000030517578,1630800
2006-08-23,25.100000381469727,25.1299991607666,24.475000381469727,24.670000076293945,2173000
2006-08-24,24.575000762939453,25.0,24.4950008392334,24.969999313354492,1888400
2006-08-25,25.104999542236328,25.459999084472656,24.979999542236328,25.03499984741211,2475400
2006-08-28,24.725000381469727,25.135000228881836,24.575000762939453,24.950000762939453,2440600
2006-08-29,24.825000762939453,25.110000610351562,24.610000610351562,24.969999313354492,1877600
2006-08-30,24.96500015258789,25.1200008392334,24.030000686645508,24.4950008392334,3183600
2006-08-31,24.299999237060547,24.889999389648438,24.299999237060547,24.709999084472656,3018400
2006-09-01,24.649999618530273,24.94499969482422,24.530000686645508,24.780000686645508,1947000
2006-09-05,24.75,25.094999313354492,24.565000534057617,24.729999542236328,4048200
2006-09-06,24.514999389648438,24.719999313354492,24.079999923706055,24.15999984741211,2550200
2006-09-07,24.06999969482422,24.2450008392334,23.725000381469727,23.915000915527344,2093400
2006-09-08,24.040000915527344,24.065000534057617,22.8799991607666,22.889999389648438,3391000
2006-09-11,22.475000381469727,22.899999618530273,22.299999237060547,22.5,4665600
2006-09-12,22.514999389648438,22.815000534057617,22.114999771118164,22.325000762939453,2501000
2006-09-13,22.459999084472656,23.0,22.450000762939453,22.8799991607666,1883000
2006-09-14,22.96500015258789,23.155000686645508,22.270000457763672,22.354999542236328,3275800
2006-09-15,22.375,22.59000015258789,22.184999465942383,22.43000030517578,3313800
2006-09-18,22.735000610351562,23.0,22.354999542236328,22.655000686645508,2283800
2006-09-19,22.575000762939453,22.954999923706055,22.075000762939453,22.25,3587400
2006-09-20,22.139999389648438,22.329999923706055,21.674999237060547,21.735000610351562,3043400
2006-09-21,21.860000610351562,22.100000381469727,21.725000381469727,21.850000381469727,2567000
2006-09-22,21.975000381469727,21.975000381469727,21.3700008392334,21.469999313354492,2262600
2006-09-25,21.25,21.700000762939453,20.899999618530273,21.6299991607666,3668200
2006-09-26,21.540000915527344,22.344999313354492,21.540000915527344,22.325000762939453,3028800
2006-09-27,22.5,22.825000762939453,22.299999237060547,22.6299991607666,4085800
2006-09-28,22.524999618530273,22.920000076293945,22.459999084472656,22.65999984741211,2374800
2006-09-29,22.625,22.950000762939453,22.520000457763672,22.795000076293945,1641600
2006-10-02,22.475000381469727,22.729999542236328,21.950000762939453,21.975000381469727,3204400
2006-10-03,21.674999237060547,21.690000534057617,21.290000915527344,21.5,2921400
2006-10-04,21.25,21.735000610351562,20.885000228881836,21.700000762939453,4061400
2006-10-05,22.375,22.5,22.06999969482422,22.5,2865400
2006-10-06,22.450000762939453,22.610000610351562,22.174999237060547,22.53499984741211,2497400
2006-10-09,22.69499969482422,22.885000228881836,22.19499969482422,22.229999542236328,1831600
2006-10-10,22.18000030517578,22.899999618530273,22.18000030517578,22.875,2268600
2006-10-11,22.674999237060547,22.979999542236328,22.440000534057617,22.610000610351562,1934000
2006-10-12,22.600000381469727,23.209999084472656,22.454999923706055,23.174999237060547,3047800
2006-10-13,23.264999389648438,23.764999389648438,23.264999389648438,23.625,2728200
2006-10-16,23.7450008392334,24.395000457763672,23.665000915527344,24.309999465942383,2378800
2006-10-17,24.190000534057617,24.28499984741211,23.665000915527344,24.059999465942383,2055800
2006-10-18,24.15999984741211,24.219999313354492,23.655000686645508,23.7450008392334,2115200
2006-10-19,23.940000534057617,24.139999389648438,23.739999771118164,24.075000762939453,2088800
2006-10-20,24.1200008392334,24.125,23.71500015258789,23.989999771118164,2666800
2006-10-23,23.600000381469727,24.094999313354492,23.575000762939453,23.899999618530273,2135000
2006-10-24,23.684999465942383,24.670000076293945,23.655000686645508,24.670000076293945,3232800
2006-10-25,24.56999969482422,24.93000030517578,24.364999771118164,24.649999618530273,4013200
2006-10-26,24.75,24.889999389648438,24.165000915527344,24.575000762939453,2491600
2006-10-27,24.375,25.0,24.295000076293945,24.295000076293945,2033600
2006-10-30,24.049999237060547,24.395000457763672,23.924999237060547,24.100000381469727,1661600
2006-10-31,24.079999923706055,24.454999923706055,23.690000534057617,24.315000534057617,2919600
2006-11-01,24.315000534057617,24.344999313354492,23.635000228881836,23.725000381469727,2478600
2006-11-02,23.46500015258789,23.704999923706055,23.200000762939453,23.450000762939453,3211600
2006-11-03,23.75,24.645000457763672,23.725000381469727,24.55500030517578,3435000
2006-11-06,24.530000686645508,24.764999389648438,24.344999313354492,24.53499984741211,2371600
2006-11-07,24.399999618530273,24.649999618530273,24.225000381469727,24.309999465942383,2181000
2006-11-08,24.104999542236328,24.790000915527344,24.100000381469727,24.71500015258789,2165800
2006-11-09,24.915000915527344,25.19499969482422,24.78499984741211,24.90999984741211,2922800
2006-11-10,24.80500030517578,25.0,24.69499969482422,24.834999084472656,2099400
2006-11-13,24.6299991607666,24.65999984741211,24.274999618530273,24.530000686645508,2055400
2006-11-14,24.610000610351562,24.80500030517578,24.30500030517578,24.674999237060547,1772000
2006-11-15,24.799999237060547,25.4950008392334,24.774999618530273,25.299999237060547,3207200
2006-11-16,25.4950008392334,25.4950008392334,24.44499969482422,24.510000228881836,2368400
2006-11-17,24.100000381469727,24.774999618530273,24.100000381469727,24.575000762939453,3629200
2006-11-20,25.315000534057617,25.315000534057617,24.274999618530273,24.6200008392334,2273600
2006-11-21,24.719999313354492,24.915000915527344,24.610000610351562,24.889999389648438,2205600
2006-11-22,24.850000381469727,25.0,24.395000457763672,24.674999237060547,2074600
2006-11-24,24.665000915527344,25.079999923706055,24.665000915527344,24.809999465942383,574000
2006-11-27,24.709999084472656,24.9950008392334,24.46500015258789,24.485000610351562,1845000
2006-11-28,24.645000457763672,25.43000030517578,24.645000457763672,25.325000762939453,2416000
2006-11-29,25.549999237060547,26.56999969482422,25.524999618530273,26.55500030517578,3736000
2006-11-30,26.645000457763672,26.84000015258789,26.315000534057617,26.75,2880200
2006-12-01,26.475000381469727,26.635000228881836,25.825000762939453,26.4950008392334,3446800
2006-12-04,26.364999771118164,26.395000457763672,26.024999618530273,26.239999771118164,2670400
2006-12-05,26.5049991607666,26.790000915527344,26.2549991607666,26.674999237060547,2093800
2006-12-06,26.600000381469727,26.975000381469727,26.53499984741211,26.600000381469727,1551200
2006-12-07,26.5,26.579999923706055,26.190000534057617,26.440000534057617,1556600
2006-12-08,26.649999618530273,26.71500015258789,26.0,26.010000228881836,2208800
2006-12-11,25.979999542236328,26.229999542236328,25.850000381469727,26.094999313354492,2573600
2006-12-12,26.0,26.315000534057617,25.834999084472656,26.020000457763672,2532000
2006-12-13,26.489999771118164,26.850000381469727,26.155000686645508,26.469999313354492,2682000
2006-12-14,26.549999237060547,27.31999969482422,26.549999237060547,27.014999389648438,3237800
2006-12-15,27.1200008392334,27.145000457763672,26.34000015258789,26.395000457763672,2879200
2006-12-18,26.114999771118164,26.170000076293945,24.924999237060547,24.954999923706055,3917800
2006-12-19,24.010000228881836,25.600000381469727,24.010000228881836,25.530000686645508,3165400
2006-12-20,25.5049991607666,25.540000915527344,24.899999618530273,24.899999618530273,2369600
2006-12-21,24.895000457763672,25.094999313354492,24.770000457763672,24.940000534057617,1814000
2006-12-22,24.969999313354492,25.059999465942383,24.670000076293945,24.670000076293945,1001400
2006-12-26,24.459999084472656,24.950000762939453,24.350000381469727,24.6299991607666,1202400
2006-12-27,24.610000610351562,25.084999084472656,24.479999542236328,25.03499984741211,2101600
2006-12-28,24.920000076293945,25.2549991607666,24.760000228881836,24.905000686645508,1384400
2006-12-29,24.75,24.860000610351562,24.44499969482422,24.53499984741211,1215000
2007-01-03,24.145000457763672,24.424999237060547,23.670000076293945,23.940000534057617,3362000
2007-01-04,23.719999313354492,23.915000915527344,23.434999465942383,23.549999237060547,4001800
2007-01-05,23.565000534057617,24.024999618530273,23.309999465942383,23.889999389648438,2830600
2007-01-08,24.145000457763672,24.440000534057617,23.719999313354492,24.084999084472656,2362800
2007-01-09,23.790000915527344,24.09000015258789,23.43000030517578,24.0049991607666,2886200
2007-01-10,23.80500030517578,23.90999984741211,23.31999969482422,23.344999313354492,3511200
2007-01-11,23.264999389648438,23.924999237060547,23.020000457763672,23.165000915527344,3002600
2007-01-12,23.25,23.895000457763672,23.114999771118164,23.725000381469727,3508600
2007-01-16,23.665000915527344,24.170000076293945,23.53499984741211,23.725000381469727,4097400
2007-01-17,23.690000534057617,24.270000457763672,23.6200008392334,23.94499969482422,2267600
2007-01-18,24.1200008392334,24.364999771118164,23.709999084472656,23.975000381469727,2411800
2007-01-19,24.174999237060547,24.770000457763672,24.075000762939453,24.649999618530273,3153400
2007-01-22,25.040000915527344,25.05500030517578,24.639999389648438,24.80500030517578,2290400
2007-01-23,24.985000610351562,25.65999984741211,24.96500015258789,25.399999618530273,2851600
2007-01-24,25.19499969482422,25.7450008392334,25.020000457763672,25.704999923706055,3666400
2007-01-25,25.674999237060547,25.69499969482422,24.969999313354492,25.174999237060547,3091600
2007-01-26,25.225000381469727,25.4950008392334,24.790000915527344,24.920000076293945,3589600
2007-01-29,25.0049991607666,25.46500015258789,24.959999084472656,25.125,2520200
2007-01-30,25.280000686645508,26.40999984741211,25.280000686645508,26.3799991607666,4063400
2007-01-31,26.25,26.889999389648438,26.125,26.704999923706055,4297000
2007-02-01,26.834999084472656,26.989999771118164,26.424999237060547,26.75,3782000
2007-02-02,26.850000381469727,26.854999542236328,26.514999389648438,26.799999237060547,2180400
2007-02-05,26.920000076293945,27.28499984741211,26.809999465942383,26.864999771118164,2417800
2007-02-06,27.03499984741211,27.094999313354492,26.489999771118164,26.780000686645508,2916800
2007-02-07,26.780000686645508,26.985000610351562,26.334999084472656,26.540000915527344,2792400
2007-02-08,26.389999389648438,26.514999389648438,26.040000915527344,26.360000610351562,3870800
2007-02-09,26.584999084472656,26.915000915527344,26.5049991607666,26.725000381469727,3747800
2007-02-12,26.46500015258789,26.7450008392334,26.34000015258789,26.690000534057617,3058000
2007-02-13,26.899999618530273,27.184999465942383,26.600000381469727,27.084999084472656,2275600
2007-02-14,27.19499969482422,27.850000381469727,27.114999771118164,27.80500030517578,5203800
2007-02-15,27.655000686645508,27.94499969482422,27.454999923706055,27.864999771118164,4840200
2007-02-16,27.895000457763672,28.334999084472656,27.71500015258789,28.2450008392334,3398000
2007-02-20,28.1299991607666,28.80500030517578,27.674999237060547,28.625,5349200
2007-02-21,28.53499984741211,28.920000076293945,28.375,28.875,3731400
2007-02-22,28.4950008392334,29.434999465942383,28.4950008392334,29.344999313354492,3240400
2007-02-23,29.40999984741211,29.5,29.020000457763672,29.325000762939453,2593400
2007-02-26,29.434999465942383,29.739999771118164,29.190000534057617,29.219999313354492,3204000
2007-02-27,28.719999313354492,29.139999389648438,28.290000915527344,28.625,4851400
2007-02-28,28.549999237060547,29.110000610351562,28.530000686645508,28.78499984741211,6606800
2007-03-01,28.100000381469727,29.174999237060547,28.05500030517578,28.7450008392334,4597000
2007-03-02,28.514999389648438,28.889999389648438,28.44499969482422,28.690000534057617,6394400
2007-03-05,28.100000381469727,28.540000915527344,28.020000457763672,28.354999542236328,4829600
2007-03-06,28.584999084472656,29.014999389648438,28.520000457763672,29.010000228881836,5170000
2007-03-07,28.424999237060547,29.709999084472656,28.424999237060547,29.225000381469727,3792400
2007-03-08,29.549999237060547,29.575000762939453,29.010000228881836,29.094999313354492,3257400
2007-03-09,29.09000015258789,29.5049991607666,28.885000228881836,29.299999237060547,2554600
2007-03-12,29.139999389648438,29.219999313354492,28.850000381469727,28.950000762939453,2999800
2007-03-13,28.850000381469727,29.075000762939453,27.975000381469727,28.1299991607666,4176800
2007-03-14,28.28499984741211,28.959999084472656,28.155000686645508,28.924999237060547,2967400
2007-03-15,28.920000076293945,29.1200008392334,28.670000076293945,28.834999084472656,2015600
2007-03-16,28.950000762939453,28.989999771118164,28.2549991607666,28.31999969482422,2716800
2007-03-19,28.7450008392334,28.78499984741211,28.43000030517578,28.760000228881836,2920200
2007-03-20,28.899999618530273,29.165000915527344,28.549999237060547,29.155000686645508,2741600
2007-03-21,29.264999389648438,29.639999389648438,29.03499984741211,29.489999771118164,2163200
2007-03-22,29.719999313354492,30.405000686645508,29.6299991607666,30.2450008392334,3146000
2007-03-23,30.4950008392334,30.635000228881836,29.96500015258789,30.149999618530273,2333600
2007-03-26,30.364999771118164,30.434999465942383,29.670000076293945,30.09000015258789,3822000
2007-03-27,29.934999465942383,30.434999465942383,29.80500030517578,30.125,3229400
2007-03-28,30.520000457763672,30.520000457763672,29.940000534057617,30.344999313354492,3249000
2007-03-29,30.834999084472656,30.854999542236328,29.915000915527344,30.114999771118164,3364200
2007-03-30,29.920000076293945,30.114999771118164,29.69499969482422,29.825000762939453,3377600
2007-04-02,29.950000762939453,30.485000610351562,29.94499969482422,30.450000762939453,2710400
2007-04-03,30.30500030517578,30.434999465942383,29.889999389648438,30.344999313354492,1656000
2007-04-04,30.225000381469727,30.614999771118164,30.0,30.56999969482422,1828000
2007-04-05,30.635000228881836,30.799999237060547,30.5,30.655000686645508,1120600
2007-04-09,30.700000762939453,31.059999465942383,30.524999618530273,30.649999618530273,1791600
2007-04-10,30.700000762939453,31.049999237060547,30.645000457763672,30.9950008392334,1754600
2007-04-11,30.8700008392334,31.15999984741211,30.68000030517578,30.790000915527344,2857200
2007-04-12,30.454999923706055,31.014999389648438,30.229999542236328,31.0,4457400
2007-04-13,31.0,31.045000076293945,30.645000457763672,30.780000686645508,2286400
2007-04-16,30.93000030517578,31.18000030517578,30.5049991607666,30.905000686645508,1311800
2007-04-17,30.985000610351562,31.1200008392334,30.149999618530273,30.315000534057617,2457600
2007-04-18,30.139999389648438,30.239999771118164,29.635000228881836,29.864999771118164,3634200
2007-04-19,29.764999389648438,29.885000228881836,29.344999313354492,29.405000686645508,2216600
2007-04-20,29.459999084472656,30.084999084472656,29.424999237060547,29.899999618530273,3326200
2007-04-23,29.8700008392334,30.170000076293945,29.719999313354492,30.094999313354492,1908800
2007-04-24,30.09000015258789,30.420000076293945,29.975000381469727,30.014999389648438,2790200
2007-04-25,30.020000457763672,30.1200008392334,29.395000457763672,29.834999084472656,5091800
2007-04-26,29.670000076293945,29.774999618530273,29.395000457763672,29.575000762939453,3822600
2007-04-27,29.479999542236328,30.030000686645508,29.28499984741211,29.774999618530273,2681400
2007-04-30,29.860000610351562,30.309999465942383,29.405000686645508,29.405000686645508,3113400
2007-05-01,29.540000915527344,30.604999542236328,29.5049991607666,30.15999984741211,5340200
2007-05-02,30.309999465942383,30.65999984741211,30.204999923706055,30.524999618530273,3738800
2007-05-03,30.34000015258789,30.530000686645508,29.665000915527344,30.375,2902200
2007-05-04,30.4950008392334,30.635000228881836,29.924999237060547,30.084999084472656,2415000
2007-05-07,29.875,30.040000915527344,29.774999618530273,29.920000076293945,3320600
2007-05-08,30.1299991607666,30.1299991607666,29.514999389648438,29.920000076293945,2349600
2007-05-09,29.799999237060547,29.850000381469727,29.19499969482422,29.59000015258789,2604600
2007-05-10,29.524999618530273,29.774999618530273,29.34000015258789,29.434999465942383,2861400
2007-05-11,29.559999465942383,30.075000762939453,29.549999237060547,29.954999923706055,3267600
2007-05-14,30.05500030517578,30.665000915527344,29.975000381469727,30.450000762939453,4341800
2007-05-15,30.4950008392334,30.690000534057617,30.2450008392334,30.325000762939453,3357800
2007-05-16,30.190000534057617,30.53499984741211,30.014999389648438,30.53499984741211,2882000
2007-05-17,30.450000762939453,31.2549991607666,30.31999969482422,31.104999542236328,2377200
2007-05-18,31.18000030517578,31.510000228881836,31.125,31.405000686645508,2818000
2007-05-21,31.44499969482422,32.029998779296875,31.274999618530273,31.825000762939453,4116400
2007-05-22,31.844999313354492,31.915000915527344,31.420000076293945,31.4950008392334,2374200
2007-05-23,31.625,31.899999618530273,31.44499969482422,31.489999771118164,2829400
2007-05-24,31.584999084472656,31.825000762939453,30.850000381469727,30.940000534057617,2591800
2007-05-25,31.3799991607666,31.6200008392334,31.229999542236328,31.46500015258789,1787000
2007-05-29,32.119998931884766,32.119998931884766,31.204999923706055,31.44499969482422,2252200
2007-05-30,31.295000076293945,32.06999969482422,31.25,32.06999969482422,2844000
2007-05-31,32.119998931884766,32.189998626708984,31.389999389648438,31.645000457763672,3904600
2007-06-01,31.625,31.954999923706055,31.479999542236328,31.584999084472656,2912400
2007-06-04,31.625,32.85499954223633,31.59000015258789,32.75,3554600
2007-06-05,32.439998626708984,32.494998931884766,31.954999923706055,32.3650016784668,2940800
2007-06-06,32.30500030517578,32.30500030517578,31.59000015258789,31.739999771118164,2669000
2007-06-07,31.614999771118164,32.0099983215332,30.53499984741211,30.645000457763672,2677400
2007-06-08,30.424999237060547,30.975000381469727,30.270000457763672,30.954999923706055,1648800
2007-06-11,30.989999771118164,31.53499984741211,30.7549991607666,31.155000686645508,2968000
2007-06-12,31.094999313354492,31.5049991607666,30.825000762939453,31.0049991607666,2234600
2007-06-13,30.885000228881836,31.3799991607666,30.690000534057617,31.219999313354492,2045600
2007-06-14,31.299999237060547,31.889999389648438,31.260000228881836,31.7450008392334,1908000
2007-06-15,32.11000061035156,32.3849983215332,31.979999542236328,32.314998626708984,1925600
2007-06-18,32.5,32.709999084472656,32.279998779296875,32.5,1660000
2007-06-19,32.310001373291016,32.619998931884766,32.130001068115234,32.244998931884766,2387400
2007-06-20,32.345001220703125,32.439998626708984,31.309999465942383,31.34000015258789,2009200
2007-06-21,31.514999389648438,32.30500030517578,31.334999084472656,32.255001068115234,2407600
2007-06-22,32.11000061035156,32.19499969482422,31.354999542236328,31.600000381469727,3174000
2007-06-25,31.475000381469727,31.934999465942383,31.190000534057617,31.485000610351562,3293200
2007-06-26,31.334999084472656,31.3700008392334,30.225000381469727,30.360000610351562,3977800
2007-06-27,29.864999771118164,30.600000381469727,29.780000686645508,30.559999465942383,5512600
2007-06-28,30.8700008392334,31.190000534057617,30.395000457763672,30.600000381469727,3427600
2007-06-29,31.049999237060547,31.364999771118164,30.9950008392334,31.19499969482422,2327400
2007-07-02,31.21500015258789,31.700000762939453,31.21500015258789,31.700000762939453,2027800
2007-07-03,31.7450008392334,31.834999084472656,31.575000762939453,31.639999389648438,1078600
2007-07-05,31.725000381469727,31.889999389648438,31.420000076293945,31.790000915527344,1932800
2007-07-06,31.985000610351562,31.985000610351562,31.59000015258789,31.829999923706055,1592200
2007-07-09,31.774999618530273,32.72999954223633,31.729999542236328,32.599998474121094,2235400
2007-07-10,32.35499954223633,32.58000183105469,32.154998779296875,32.27000045776367,1797800
2007-07-11,32.14500045776367,32.494998931884766,32.0099983215332,32.47999954223633,1723800
2007-07-12,32.54499816894531,32.810001373291016,32.30500030517578,32.80500030517578,2406000
2007-07-13,32.72999954223633,33.060001373291016,32.70000076293945,32.744998931884766,1553400
2007-07-16,32.6150016784668,32.71500015258789,31.924999237060547,32.05500030517578,1587200
2007-07-17,32.3650016784668,33.10499954223633,32.3650016784668,32.51499938964844,1846800
2007-07-18,32.60499954223633,33.5,32.5,33.400001525878906,1895400
2007-07-19,33.525001525878906,33.63999938964844,32.98500061035156,33.47999954223633,1688000
2007-07-20,33.47999954223633,33.47999954223633,32.63999938964844,32.85499954223633,2089800
2007-07-23,32.93000030517578,32.97999954223633,32.345001220703125,32.459999084472656,1954000
2007-07-24,31.895000457763672,32.119998931884766,31.260000228881836,31.489999771118164,2503600
2007-07-25,31.915000915527344,32.02000045776367,31.325000762939453,31.905000686645508,1953800
2007-07-26,31.270000457763672,31.645000457763672,30.665000915527344,31.170000076293945,3162200
2007-07-27,31.094999313354492,31.53499984741211,30.575000762939453,30.875,2362800
2007-07-30,31.03499984741211,31.264999389648438,30.454999923706055,30.94499969482422,2284600
2007-07-31,31.200000762939453,31.915000915527344,30.469999313354492,30.56999969482422,2566200
2007-08-01,32.4900016784668,32.900001525878906,30.645000457763672,31.735000610351562,5182400
2007-08-02,31.795000076293945,32.165000915527344,31.170000076293945,31.895000457763672,3348000
2007-08-03,32.060001373291016,32.21500015258789,30.389999389648438,30.510000228881836,3769400
2007-08-06,30.274999618530273,30.565000534057617,29.610000610351562,30.489999771118164,3341400
2007-08-07,30.40999984741211,30.844999313354492,29.834999084472656,30.684999465942383,3168600
2007-08-08,30.90999984741211,31.729999542236328,30.219999313354492,30.815000534057617,3596600
2007-08-09,29.81999969482422,30.649999618530273,29.625,29.8700008392334,5132200
2007-08-10,29.174999237060547,30.364999771118164,28.709999084472656,30.190000534057617,3719200
2007-08-13,30.7450008392334,31.729999542236328,30.6200008392334,31.014999389648438,2631200
2007-08-14,31.149999618530273,31.424999237060547,30.364999771118164,30.389999389648438,2251800
2007-08-15,30.395000457763672,30.899999618530273,29.719999313354492,29.815000534057617,2347800
2007-08-16,29.21500015258789,29.639999389648438,28.604999542236328,29.579999923706055,3932400
2007-08-17,30.5,30.774999618530273,29.604999542236328,30.549999237060547,2689600
2007-08-20,30.309999465942383,30.405000686645508,29.424999237060547,30.084999084472656,1959000
2007-08-21,29.690000534057617,30.200000762939453,28.895000457763672,29.084999084472656,2537000
2007-08-22,29.53499984741211,30.079999923706055,29.274999618530273,29.924999237060547,2270800
2007-08-23,29.950000762939453,30.239999771118164,29.84000015258789,30.135000228881836,2523400
2007-08-24,30.209999084472656,30.844999313354492,30.084999084472656,30.844999313354492,1328200
2007-08-27,30.655000686645508,30.655000686645508,29.875,30.084999084472656,1327800
2007-08-28,29.850000381469727,30.030000686645508,29.204999923706055,29.450000762939453,1828200
2007-08-29,29.700000762939453,30.610000610351562,29.545000076293945,30.545000076293945,1407200
2007-08-30,30.114999771118164,30.4950008392334,29.43000030517578,29.610000610351562,2865600
2007-08-31,30.21500015258789,30.510000228881836,29.975000381469727,30.03499984741211,1276200
2007-09-04,30.0049991607666,31.649999618530273,30.0049991607666,31.360000610351562,2217800
2007-09-05,31.3799991607666,31.854999542236328,31.05500030517578,31.46500015258789,3094800
2007-09-06,31.924999237060547,32.310001373291016,31.520000457763672,31.924999237060547,1838800
2007-09-07,31.405000686645508,31.56999969482422,31.06999969482422,31.44499969482422,2256400
2007-09-10,31.434999465942383,31.809999465942383,30.764999389648438,31.360000610351562,1941600
2007-09-11,31.55500030517578,31.950000762939453,30.934999465942383,31.920000076293945,2486600
2007-09-12,31.895000457763672,32.53499984741211,31.825000762939453,32.36000061035156,2810400
2007-09-13,32.5,32.584999084472656,31.885000228881836,31.959999084472656,1901800
2007-09-14,31.8700008392334,32.540000915527344,31.575000762939453,32.35499954223633,1576400
2007-09-17,32.275001525878906,32.64500045776367,31.950000762939453,31.975000381469727,1688800
2007-09-18,32.125,33.07500076293945,31.7450008392334,33.01499938964844,2638600
2007-09-19,33.349998474121094,33.935001373291016,32.94499969482422,33.07500076293945,1776400
2007-09-20,33.10499954223633,33.67499923706055,33.025001525878906,33.51499938964844,1655800
2007-09-21,33.560001373291016,33.810001373291016,33.349998474121094,33.505001068115234,2517200
2007-09-24,33.59000015258789,34.494998931884766,33.380001068115234,34.36000061035156,3313800
2007-09-25,33.86000061035156,34.27000045776367,33.599998474121094,34.060001373291016,3095000
2007-09-26,34.334999084472656,34.560001373291016,33.755001068115234,34.18000030517578,1748400
2007-09-27,34.439998626708984,35.28499984741211,34.40999984741211,35.275001525878906,2347200
2007-09-28,35.404998779296875,35.650001525878906,34.82500076293945,35.02000045776367,2001800
2007-10-01,35.11000061035156,35.79499816894531,35.08000183105469,35.744998931884766,1940200
2007-10-02,36.3849983215332,36.52000045776367,35.93000030517578,36.255001068115234,3524200
2007-10-03,36.23500061035156,36.2599983215332,35.63999938964844,35.709999084472656,2864800
2007-10-04,35.70500183105469,36.29999923706055,35.61000061035156,35.96500015258789,2831200
2007-10-05,36.17499923706055,36.20000076293945,35.474998474121094,35.875,42446800
2007-10-08,35.69499969482422,36.005001068115234,35.5,35.779998779296875,2883400
2007-10-09,35.85499954223633,36.345001220703125,35.7599983215332,36.29999923706055,3337000
2007-10-10,36.2400016784668,37.17499923706055,36.16999816894531,37.06999969482422,3652200
2007-10-11,37.415000915527344,38.040000915527344,36.665000915527344,37.04999923706055,3916400
2007-10-12,36.79999923706055,37.95000076293945,36.79999923706055,37.92499923706055,2767000
2007-10-15,38.30500030517578,39.025001525878906,38.1150016784668,38.220001220703125,3415200
2007-10-16,38.185001373291016,38.560001373291016,38.0,38.189998626708984,2501400
2007-10-17,38.474998474121094,38.494998931884766,37.560001373291016,37.974998474121094,2182600
2007-10-18,38.01499938964844,39.025001525878906,37.70000076293945,38.96500015258789,3160800
2007-10-19,38.709999084472656,38.709999084472656,37.01499938964844,37.06999969482422,3568000
2007-10-22,36.599998474121094,37.875,36.224998474121094,36.79999923706055,3066400
2007-10-23,36.97999954223633,37.375,36.42499923706055,37.0,1632600
2007-10-24,36.5099983215332,37.30500030517578,36.44499969482422,37.21500015258789,2000600
2007-10-25,37.209999084472656,37.25,36.43000030517578,36.8849983215332,3940400
2007-10-26,37.48500061035156,37.48500061035156,36.70500183105469,37.09000015258789,4313800
2007-10-29,37.185001373291016,37.689998626708984,37.125,37.525001525878906,2403200
2007-10-30,36.91999816894531,37.040000915527344,36.48500061035156,36.564998626708984,2316200
2007-10-31,37.11000061035156,38.595001220703125,37.07500076293945,38.27000045776367,3494400
2007-11-01,37.54499816894531,38.90999984741211,37.505001068115234,37.60499954223633,3371200
2007-11-02,37.834999084472656,38.560001373291016,37.51499938964844,38.05500030517578,2715000
2007-11-05,37.255001068115234,38.029998779296875,37.15999984741211,37.599998474121094,2690600
2007-11-06,37.83000183105469,38.29999923706055,37.290000915527344,37.5,3770200
2007-11-07,37.5,37.82500076293945,36.3650016784668,36.380001068115234,3209000
2007-11-08,36.755001068115234,37.119998931884766,36.2400016784668,36.85499954223633,3929200
2007-11-09,36.724998474121094,37.04999923706055,36.16999816894531,36.54999923706055,3529800
2007-11-12,36.0,36.0,34.7400016784668,34.845001220703125,4401400
2007-11-13,34.90999984741211,35.595001220703125,34.185001373291016,35.10499954223633,4338800
2007-11-14,35.60499954223633,36.540000915527344,35.334999084472656,35.369998931884766,2704800
2007-11-15,34.98500061035156,35.435001373291016,34.625,35.064998626708984,3161800
2007-11-16,35.89500045776367,36.310001373291016,35.125,35.8650016784668,2914600
2007-11-19,35.709999084472656,36.459999084472656,35.70500183105469,36.25,3848600
2007-11-20,36.435001373291016,37.20500183105469,36.38999938964844,36.78499984741211,3935000
2007-11-21,36.40999984741211,36.875,36.334999084472656,36.334999084472656,3353000
2007-11-23,36.5,37.09000015258789,36.2599983215332,37.04499816894531,1079800
2007-11-26,37.02000045776367,37.689998626708984,36.6150016784668,36.6150016784668,4279600
2007-11-27,35.904998779296875,36.06999969482422,34.974998474121094,35.60499954223633,4215400
2007-11-28,35.94499969482422,36.130001068115234,35.20500183105469,35.78499984741211,4490200
2007-11-29,35.40999984741211,36.25,35.40999984741211,35.95500183105469,3576000
2007-11-30,36.314998626708984,36.314998626708984,35.64500045776367,36.02000045776367,2355000
2007-12-03,35.63999938964844,36.61000061035156,35.63999938964844,36.5,2603200
2007-12-04,36.46500015258789,36.540000915527344,35.98500061035156,36.0099983215332,3286800
2007-12-05,36.400001525878906,37.17499923706055,36.310001373291016,37.09000015258789,3003200
2007-12-06,37.07500076293945,38.08000183105469,37.07500076293945,37.959999084472656,3888000
2007-12-07,37.95500183105469,38.154998779296875,37.630001068115234,38.025001525878906,2489400
2007-12-10,38.20500183105469,38.38999938964844,37.6150016784668,37.834999084472656,1679200
2007-12-11,38.21500015258789,38.560001373291016,37.41999816894531,37.41999816894531,4911600
2007-12-12,38.310001373291016,38.96500015258789,37.869998931884766,38.45000076293945,4198800
2007-12-13,38.38999938964844,38.654998779296875,38.0,38.630001068115234,3563200
2007-12-14,38.720001220703125,38.720001220703125,38.095001220703125,38.095001220703125,2557000
2007-12-17,38.08000183105469,38.474998474121094,37.78499984741211,37.86000061035156,2897400
2007-12-18,38.21500015258789,39.0099983215332,38.025001525878906,38.650001525878906,2570000
2007-12-19,38.970001220703125,39.314998626708984,38.650001525878906,38.98500061035156,2311800
2007-12-20,39.27000045776367,39.900001525878906,39.08000183105469,39.81999969482422,2559800
2007-12-21,39.810001373291016,40.85499954223633,39.70000076293945,40.81999969482422,3250600
2007-12-24,40.42499923706055,40.529998779296875,40.025001525878906,40.03499984741211,975600
2007-12-26,39.709999084472656,40.18000030517578,39.474998474121094,39.869998931884766,2485400
2007-12-27,39.834999084472656,40.724998474121094,39.82500076293945,40.275001525878906,1840000
2007-12-28,40.70500183105469,40.70500183105469,40.275001525878906,40.33000183105469,1562000
2007-12-31,40.26499938964844,40.46500015258789,39.66999816894531,39.7599983215332,1650600
2008-01-02,40.03499984741211,40.119998931884766,39.38999938964844,39.904998779296875,3333000
2008-01-03,40.084999084472656,40.34000015258789,39.974998474121094,40.15999984741211,3850400
2008-01-04,39.90999984741211,40.03499984741211,39.400001525878906,39.415000915527344,2777000
2008-01-07,39.54499816894531,39.720001220703125,38.915000915527344,39.5099983215332,3614800
2008-01-08,39.85499954223633,40.13999938964844,38.665000915527344,38.80500030517578,3670200
2008-01-09,38.849998474121094,39.755001068115234,38.755001068115234,39.599998474121094,3412000
2008-01-10,39.310001373291016,39.71500015258789,38.755001068115234,39.45000076293945,2578600
2008-01-11,39.01499938964844,40.435001373291016,38.994998931884766,39.83000183105469,3046200
2008-01-14,40.2599983215332,40.790000915527344,40.150001525878906,40.6349983215332,2893000
2008-01-15,40.30500030517578,40.63999938964844,39.709999084472656,39.72999954223633,3234000
2008-01-16,39.630001068115234,40.005001068115234,38.064998626708984,38.130001068115234,3546000
2008-01-17,38.19499969482422,38.779998779296875,36.26499938964844,36.32500076293945,3234200
2008-01-18,36.58000183105469,38.165000915527344,35.560001373291016,36.16999816894531,4422200
2008-01-22,33.60499954223633,35.994998931884766,32.4900016784668,35.095001220703125,4068600
2008-01-23,34.1349983215332,34.66999816894531,32.68000030517578,34.59000015258789,4153400
2008-01-24,34.75,35.73500061035156,34.69499969482422,35.42499923706055,3102000
2008-01-25,36.025001525878906,36.34000015258789,34.57500076293945,34.709999084472656,2657000
2008-01-28,34.875,35.70000076293945,34.150001525878906,35.5,2477200
2008-01-29,35.72999954223633,36.130001068115234,35.3849983215332,36.025001525878906,2528200
2008-01-30,35.79999923706055,37.06999969482422,35.79999923706055,36.150001525878906,2628400
2008-01-31,35.31999969482422,36.54499816894531,35.025001525878906,36.290000915527344,3128400
2008-02-01,36.525001525878906,36.8650016784668,36.060001373291016,36.755001068115234,2368800
2008-02-04,36.82500076293945,37.685001373291016,36.44499969482422,37.584999084472656,2497200
2008-02-05,36.95000076293945,37.095001220703125,35.73500061035156,35.73500061035156,2645400
2008-02-06,36.29999923706055,36.29999923706055,35.03499984741211,35.14500045776367,2413400
2008-02-07,35.03499984741211,35.5,34.814998626708984,35.275001525878906,2821200
2008-02-08,35.1349983215332,36.540000915527344,35.1349983215332,36.349998474121094,2380600
2008-02-11,36.5,37.435001373291016,36.34000015258789,37.415000915527344,2172800
2008-02-12,37.3849983215332,38.15999984741211,36.90999984741211,37.290000915527344,2415600
2008-02-13,37.3650016784668,38.3650016784668,37.3650016784668,38.3650016784668,2055600
2008-02-14,38.45000076293945,38.77000045776367,38.220001220703125,38.224998474121094,1931000
2008-02-15,38.2400016784668,38.2599983215332,37.16999816894531,37.650001525878906,1977800
2008-02-19,38.165000915527344,39.084999084472656,38.119998931884766,38.665000915527344,2245600
2008-02-20,38.25,39.744998931884766,38.25,39.650001525878906,2597000
2008-02-21,39.81999969482422,39.81999969482422,38.66999816894531,38.720001220703125,2433600
2008-02-22,39.10499954223633,39.46500015258789,38.53499984741211,39.38999938964844,2069000
2008-02-25,39.57500076293945,40.4900016784668,39.48500061035156,40.4900016784668,2573200
2008-02-26,40.005001068115234,40.83000183105469,39.494998931884766,40.45500183105469,2661000
2008-02-27,40.5,41.14500045776367,40.06999969482422,40.54499816894531,3013600
2008-02-28,40.970001220703125,41.40999984741211,40.3849983215332,40.67499923706055,3135600
2008-02-29,40.505001068115234,40.505001068115234,38.55500030517578,38.70000076293945,3439400
2008-03-03,38.724998474121094,40.54999923706055,38.724998474121094,40.435001373291016,4847000
2008-03-04,40.26499938964844,40.400001525878906,39.03499984741211,39.65999984741211,4048000
2008-03-05,39.9900016784668,40.63999938964844,39.689998626708984,40.36000061035156,3402200
2008-03-06,40.064998626708984,40.31999969482422,39.220001220703125,39.220001220703125,3131800
2008-03-07,38.915000915527344,39.27000045776367,37.82500076293945,38.28499984741211,3713600
2008-03-10,38.244998931884766,38.345001220703125,37.2599983215332,37.45500183105469,3848800
2008-03-11,38.14500045776367,39.095001220703125,37.34000015258789,39.04999923706055,3818000
2008-03-12,39.060001373291016,39.45000076293945,38.685001373291016,38.814998626708984,1744000
2008-03-13,38.029998779296875,39.30500030517578,37.82500076293945,39.01499938964844,4501400
2008-03-14,39.1150016784668,39.23500061035156,37.45500183105469,38.1349983215332,2871600
2008-03-17,37.154998779296875,37.40999984741211,35.5,36.005001068115234,4117400
2008-03-18,36.994998931884766,37.560001373291016,36.54499816894531,37.560001373291016,3096000
2008-03-19,37.375,37.5,34.96500015258789,34.96500015258789,3673800
2008-03-20,34.224998474121094,35.599998474121094,32.69499969482422,35.46500015258789,4745000
2008-03-24,35.474998474121094,36.61000061035156,35.33000183105469,36.150001525878906,2434800
2008-03-25,36.6349983215332,37.119998931884766,36.185001373291016,36.95000076293945,3862600
2008-03-26,36.83000183105469,37.375,36.57500076293945,37.03499984741211,4435400
2008-03-27,37.400001525878906,37.400001525878906,36.310001373291016,36.439998626708984,3954800
2008-03-28,36.005001068115234,37.064998626708984,35.97999954223633,36.439998626708984,2933600
2008-03-31,36.439998626708984,36.939998626708984,35.86000061035156,36.400001525878906,4475200
2008-04-01,36.810001373291016,37.904998779296875,35.974998474121094,37.89500045776367,3781000
2008-04-02,37.9900016784668,39.279998779296875,37.9900016784668,39.0,4059200
2008-04-03,38.935001373291016,39.595001220703125,38.78499984741211,39.0,3521000
2008-04-04,39.31999969482422,40.13999938964844,39.154998779296875,39.775001525878906,3160800
2008-04-07,40.09000015258789,40.8849983215332,40.04499816894531,40.53499984741211,3688800
2008-04-08,40.435001373291016,41.0,40.26499938964844,40.474998474121094,3117400
2008-04-09,40.92499923706055,41.75,40.7599983215332,41.43000030517578,3518600
2008-04-10,41.42499923706055,41.86000061035156,40.92499923706055,41.78499984741211,2945400
2008-04-11,41.66999816894531,41.84000015258789,41.02000045776367,41.375,3481600
2008-04-14,41.5099983215332,42.775001525878906,41.5099983215332,42.70500183105469,3241200
2008-04-15,43.060001373291016,43.6349983215332,42.494998931884766,43.095001220703125,3318600
2008-04-16,43.375,44.88999938964844,43.17499923706055,44.880001068115234,4041600
2008-04-17,44.619998931884766,45.11000061035156,43.775001525878906,44.244998931884766,2652000
2008-04-18,43.875,45.34000015258789,43.67499923706055,45.275001525878906,3146400
2008-04-21,45.25,45.66999816894531,45.064998626708984,45.44499969482422,3688400
2008-04-22,45.47999954223633,45.71500015258789,45.04499816894531,45.290000915527344,3606400
2008-04-23,44.119998931884766,45.040000915527344,43.654998779296875,43.98500061035156,3404400
2008-04-24,43.85499954223633,44.09000015258789,42.625,43.224998474121094,2823000
2008-04-25,43.79999923706055,44.459999084472656,43.5,44.459999084472656,5902200
2008-04-28,44.67499923706055,44.9900016784668,44.19499969482422,44.3650016784668,3227200
2008-04-29,43.529998779296875,44.02000045776367,43.29499816894531,43.60499954223633,3098600
2008-04-30,42.875,44.13999938964844,42.875,43.5,3406600
2008-05-01,44.10499954223633,44.10499954223633,40.6349983215332,42.345001220703125,4303600
2008-05-02,42.935001373291016,43.60499954223633,42.5,43.375,2676400
2008-05-05,43.625,44.38999938964844,43.290000915527344,44.22999954223633,4687400
2008-05-06,44.435001373291016,47.915000915527344,44.03499984741211,47.724998474121094,6955600
2008-05-07,47.994998931884766,48.310001373291016,46.61000061035156,46.974998474121094,4620600
2008-05-08,47.084999084472656,48.540000915527344,46.75,48.439998626708984,4281600
2008-05-09,48.84000015258789,49.0,47.369998931884766,48.25,4807400
2008-05-12,48.189998626708984,48.69499969482422,47.564998626708984,48.40999984741211,3470600
2008-05-13,48.415000915527344,49.29999923706055,47.95500183105469,48.814998626708984,4697400
2008-05-14,49.5,49.55500030517578,48.275001525878906,48.42499923706055,3561200
2008-05-15,49.25,49.834999084472656,48.45500183105469,49.474998474121094,4215400
2008-05-16,49.91999816894531,50.77000045776367,49.60499954223633,50.77000045776367,4091200
2008-05-19,51.25,51.560001373291016,50.380001068115234,50.779998779296875,3754600
2008-05-20,51.150001525878906,52.334999084472656,50.64500045776367,51.915000915527344,3758400
2008-05-21,51.974998474121094,52.55500030517578,50.4900016784668,50.60499954223633,4612000
2008-05-22,50.814998626708984,51.189998626708984,49.68000030517578,50.189998626708984,3336200
2008-05-23,50.23500061035156,50.775001525878906,48.44499969482422,48.97999954223633,3211600
2008-05-27,48.77000045776367,49.1349983215332,48.25,48.810001373291016,3495400
2008-05-28,48.744998931884766,50.494998931884766,48.0099983215332,50.30500030517578,4907000
2008-05-29,50.07500076293945,50.07500076293945,48.05500030517578,48.28499984741211,4400200
2008-05-30,48.435001373291016,49.150001525878906,48.08000183105469,48.724998474121094,4225000
2008-06-02,48.5,50.255001068115234,48.5,49.72999954223633,4368000
2008-06-03,49.67499923706055,49.92499923706055,48.459999084472656,48.7599983215332,4692600
2008-06-04,48.279998779296875,49.189998626708984,47.69499969482422,48.345001220703125,4315400
2008-06-05,48.380001068115234,50.25,48.1150016784668,50.25,3724400
2008-06-06,50.6150016784668,52.119998931884766,50.0099983215332,50.0099983215332,3761600
2008-06-09,50.08000183105469,52.119998931884766,50.08000183105469,51.744998931884766,3445400
2008-06-10,51.07500076293945,51.89500045776367,48.814998626708984,49.630001068115234,4142400
2008-06-11,49.755001068115234,50.76499938964844,49.755001068115234,50.36000061035156,2872600
2008-06-12,50.415000915527344,50.415000915527344,48.845001220703125,49.46500015258789,3496200
2008-06-13,49.11000061035156,50.07500076293945,48.685001373291016,49.154998779296875,3377200
2008-06-16,49.650001525878906,49.790000915527344,48.7599983215332,49.0,3756000
2008-06-17,48.98500061035156,51.46500015258789,48.98500061035156,51.314998626708984,4048600
2008-06-18,51.5,51.5,50.165000915527344,50.75,3286600
2008-06-19,51.494998931884766,51.494998931884766,48.599998474121094,48.6150016784668,3974800
2008-06-20,49.459999084472656,49.474998474121094,47.45000076293945,47.61000061035156,5631600
2008-06-23,47.599998474121094,51.6150016784668,47.540000915527344,51.6150016784668,5193400
2008-06-24,51.30500030517578,51.619998931884766,50.32500076293945,50.474998474121094,4385600
2008-06-25,50.845001220703125,50.845001220703125,48.52000045776367,49.63999938964844,2873200
2008-06-26,50.474998474121094,50.474998474121094,47.775001525878906,48.41999816894531,3571600
2008-06-27,49.04499816894531,49.52000045776367,48.70500183105469,48.8849983215332,3164600
2008-06-30,49.20000076293945,50.42499923706055,49.20000076293945,50.279998779296875,3207600
2008-07-01,50.220001220703125,51.48500061035156,49.89500045776367,51.39500045776367,4159000
2008-07-02,51.404998779296875,52.25,47.904998779296875,47.91999816894531,5219400
2008-07-03,48.15999984741211,48.45000076293945,46.1150016784668,46.60499954223633,3545400
2008-07-07,46.525001525878906,47.189998626708984,44.904998779296875,45.72999954223633,5002600
2008-07-08,44.88999938964844,46.04999923706055,43.89500045776367,45.994998931884766,6037400
2008-07-09,46.209999084472656,46.82500076293945,43.8650016784668,44.04499816894531,4358200
2008-07-10,44.275001525878906,45.54499816894531,43.70000076293945,45.32500076293945,4792800
2008-07-11,46.220001220703125,46.96500015258789,44.275001525878906,44.959999084472656,4451400
2008-07-14,45.57500076293945,45.8849983215332,44.5,45.224998474121094,3436200
2008-07-15,46.01499938964844,46.01499938964844,42.95500183105469,43.04499816894531,4727600
2008-07-16,43.125,43.6150016784668,41.1349983215332,42.185001373291016,5737600
2008-07-17,42.10499954223633,42.47999954223633,39.36000061035156,40.41999816894531,7561000
2008-07-18,40.3650016784668,41.27000045776367,39.19499969482422,40.19499969482422,5854200
2008-07-21,40.849998474121094,41.41999816894531,39.744998931884766,41.279998779296875,3862800
2008-07-22,41.04499816894531,41.04499816894531,39.29999923706055,39.7599983215332,4284000
2008-07-23,39.69499969482422,40.095001220703125,37.904998779296875,38.16999816894531,5496000
2008-07-24,38.314998626708984,38.89500045776367,36.68000030517578,37.85499954223633,5183400
2008-07-25,38.04499816894531,39.27000045776367,37.51499938964844,38.005001068115234,4321800
2008-07-28,38.18000030517578,39.314998626708984,37.869998931884766,37.869998931884766,3275600
2008-07-29,37.65999984741211,37.82500076293945,36.685001373291016,37.310001373291016,5472800
2008-07-30,36.67499923706055,38.90999984741211,35.21500015258789,38.55500030517578,7994000
2008-07-31,37.63999938964844,38.720001220703125,36.6349983215332,36.935001373291016,5252000
2008-08-01,36.939998626708984,38.43000030517578,36.875,37.154998779296875,5020400
2008-08-04,37.21500015258789,37.21500015258789,34.150001525878906,34.5,5902000
2008-08-05,34.185001373291016,35.275001525878906,33.869998931884766,35.095001220703125,4332800
2008-08-06,35.060001373291016,35.494998931884766,34.33000183105469,34.810001373291016,6542800
2008-08-07,34.85499954223633,35.25,33.525001525878906,33.54499816894531,6026800
2008-08-08,33.310001373291016,33.685001373291016,31.934999465942383,33.29499816894531,4699800
2008-08-11,33.29999923706055,33.790000915527344,32.459999084472656,33.380001068115234,4069400
2008-08-12,33.82500076293945,34.29499816894531,33.540000915527344,33.8650016784668,4768600
2008-08-13,34.20000076293945,35.03499984741211,33.369998931884766,34.86000061035156,3928200
2008-08-14,34.77000045776367,34.84000015258789,33.40999984741211,33.95000076293945,3396600
2008-08-15,33.814998626708984,33.85499954223633,33.0099983215332,33.529998779296875,4101800
2008-08-18,33.71500015258789,34.17499923706055,32.779998779296875,32.974998474121094,3580000
2008-08-19,32.970001220703125,34.459999084472656,32.95000076293945,34.39500045776367,4583800
2008-08-20,34.8650016784668,36.26499938964844,34.8650016784668,36.154998779296875,6002400
2008-08-21,36.505001068115234,37.21500015258789,36.130001068115234,36.709999084472656,5092200
2008-08-22,36.11000061035156,36.26499938964844,34.90999984741211,35.584999084472656,3486400
2008-08-25,35.619998931884766,36.2400016784668,35.2599983215332,35.85499954223633,3245800
2008-08-26,36.255001068115234,37.8849983215332,36.255001068115234,37.3650016784668,4271400
2008-08-27,37.900001525878906,38.255001068115234,37.07500076293945,37.255001068115234,3906000
2008-08-28,37.73500061035156,37.75,35.709999084472656,36.41999816894531,3826200
2008-08-29,36.720001220703125,36.96500015258789,35.69499969482422,35.8650016784668,3466400
2008-09-02,34.970001220703125,35.02000045776367,33.48500061035156,33.56999969482422,4152600
2008-09-03,33.685001373291016,34.52000045776367,32.939998626708984,33.58000183105469,4615400
2008-09-04,33.65999984741211,34.255001068115234,32.68000030517578,34.095001220703125,8060800
2008-09-05,33.94499969482422,34.404998779296875,32.70000076293945,34.01499938964844,5941400
2008-09-08,34.459999084472656,34.69499969482422,32.20500183105469,32.46500015258789,5728800
2008-09-09,31.950000762939453,32.334999084472656,28.565000534057617,28.56999969482422,10031400
2008-09-10,29.1299991607666,30.03499984741211,28.625,29.610000610351562,7549000
2008-09-11,29.15999984741211,30.135000228881836,28.170000076293945,29.489999771118164,9304000
2008-09-12,29.969999313354492,30.905000686645508,29.5049991607666,30.719999313354492,6779200
2008-09-15,29.110000610351562,29.899999618530273,28.334999084472656,28.774999618530273,11588600
2008-09-16,28.149999618530273,29.524999618530273,26.895000457763672,29.415000915527344,11157200
2008-09-17,29.315000534057617,30.139999389648438,27.780000686645508,28.934999465942383,9540000
2008-09-18,29.834999084472656,30.559999465942383,28.295000076293945,29.010000228881836,7924400
2008-09-19,30.03499984741211,32.2400016784668,29.010000228881836,30.959999084472656,7572400
2008-09-22,30.854999542236328,31.56999969482422,30.049999237060547,30.65999984741211,6766000
2008-09-23,30.735000610351562,31.270000457763672,29.55500030517578,30.0,6728400
2008-09-24,30.239999771118164,30.895000457763672,29.75,30.0049991607666,5685200
2008-09-25,29.96500015258789,30.329999923706055,29.489999771118164,30.059999465942383,4963200
2008-09-26,29.21500015258789,29.834999084472656,28.6299991607666,29.760000228881836,5215400
2008-09-29,28.475000381469727,28.75,25.110000610351562,25.59000015258789,9351200
2008-09-30,26.56999969482422,28.405000686645508,25.895000457763672,27.795000076293945,5161600
2008-10-01,27.829999923706055,27.829999923706055,26.395000457763672,26.940000534057617,5109000
2008-10-02,26.25,26.604999542236328,23.84000015258789,23.954999923706055,5088200
2008-10-03,23.969999313354492,25.690000534057617,23.229999542236328,23.309999465942383,5057800
2008-10-06,22.21500015258789,22.225000381469727,19.4950008392334,21.3799991607666,10987200
2008-10-07,21.719999313354492,22.135000228881836,19.649999618530273,19.649999618530273,8080800
2008-10-08,18.9950008392334,20.920000076293945,18.385000228881836,19.889999389648438,9138000
2008-10-09,20.479999542236328,20.825000762939453,17.959999084472656,17.959999084472656,10215800
2008-10-10,17.084999084472656,18.19499969482422,15.444999694824219,16.575000762939453,16628000
2008-10-13,17.5049991607666,20.809999465942383,17.479999542236328,20.524999618530273,9739800
2008-10-14,21.43000030517578,24.315000534057617,21.43000030517578,23.204999923706055,16999200
2008-10-15,22.030000686645508,22.395000457763672,19.104999542236328,19.329999923706055,7577400
2008-10-16,19.610000610351562,21.774999618530273,18.684999465942383,21.7450008392334,9459800
2008-10-17,21.239999771118164,24.084999084472656,20.549999237060547,22.264999389648438,8512200
2008-10-20,23.155000686645508,25.06999969482422,23.03499984741211,24.8700008392334,8130400
2008-10-21,24.065000534057617,24.309999465942383,22.8799991607666,23.174999237060547,6845400
2008-10-22,22.094999313354492,22.475000381469727,19.56999969482422,20.46500015258789,7476600
2008-10-23,21.0,22.114999771118164,19.81999969482422,21.809999465942383,6767000
2008-10-24,19.6299991607666,21.635000228881836,18.975000381469727,20.9950008392334,6504400
2008-10-27,20.604999542236328,20.790000915527344,18.65999984741211,18.71500015258789,5376800
2008-10-28,19.795000076293945,21.56999969482422,18.260000228881836,21.459999084472656,7400000
2008-10-29,22.25,24.604999542236328,22.104999542236328,22.940000534057617,7414200
2008-10-30,23.899999618530273,25.05500030517578,23.19499969482422,24.44499969482422,7085400
2008-10-31,23.9950008392334,26.700000762939453,23.389999389648438,25.90999984741211,5075800
2008-11-03,25.68000030517578,25.975000381469727,24.18000030517578,24.924999237060547,5722000
2008-11-04,25.725000381469727,27.200000762939453,25.725000381469727,26.934999465942383,5259200
2008-11-05,25.684999465942383,27.125,25.530000686645508,25.75,4455600
2008-11-06,25.309999465942383,25.690000534057617,23.4950008392334,24.270000457763672,5597800
2008-11-07,24.5,25.360000610351562,23.610000610351562,24.68000030517578,4804800
2008-11-10,25.44499969482422,26.454999923706055,24.809999465942383,25.514999389648438,4761200
2008-11-11,24.78499984741211,25.704999923706055,24.170000076293945,25.100000381469727,4606400
2008-11-12,24.450000762939453,24.584999084472656,22.700000762939453,23.0,5256000
2008-11-13,23.645000457763672,27.03499984741211,22.329999923706055,27.0049991607666,7313200
2008-11-14,26.020000457763672,27.094999313354492,25.059999465942383,25.30500030517578,5766400
2008-11-17,24.31999969482422,26.049999237060547,24.125,24.53499984741211,5191400
2008-11-18,24.834999084472656,25.834999084472656,23.9950008392334,25.295000076293945,5368600
2008-11-19,25.165000915527344,25.520000457763672,23.0,23.049999237060547,6081400
2008-11-20,22.344999313354492,22.364999771118164,19.295000076293945,19.485000610351562,6895800
2008-11-21,20.135000228881836,22.325000762939453,19.825000762939453,22.235000610351562,6998000
2008-11-24,22.670000076293945,25.28499984741211,22.670000076293945,24.639999389648438,6429600
2008-11-25,24.799999237060547,25.2549991607666,23.84000015258789,24.68000030517578,4584600
2008-11-26,24.55500030517578,26.700000762939453,24.114999771118164,26.645000457763672,3746000
2008-11-28,26.610000610351562,26.610000610351562,24.844999313354492,26.139999389648438,2194200
2008-12-01,25.2450008392334,25.2450008392334,22.100000381469727,22.21500015258789,6395600
2008-12-02,22.594999313354492,23.75,22.229999542236328,23.170000076293945,4310000
2008-12-03,22.5,23.614999771118164,22.125,23.594999313354492,3853600
2008-12-04,23.014999389648438,23.364999771118164,20.239999771118164,20.625,4436200
2008-12-05,19.94499969482422,20.7450008392334,18.575000762939453,20.709999084472656,4884600
2008-12-08,21.68000030517578,23.670000076293945,21.65999984741211,23.264999389648438,6101000
2008-12-09,23.334999084472656,24.399999618530273,22.3700008392334,23.43000030517578,3099000
2008-12-10,24.399999618530273,26.739999771118164,23.989999771118164,26.5,6651800
2008-12-11,26.704999923706055,27.719999313354492,25.09000015258789,25.579999923706055,7496800
2008-12-12,24.4950008392334,25.475000381469727,23.924999237060547,24.899999618530273,4134600
2008-12-15,26.239999771118164,26.395000457763672,24.114999771118164,24.725000381469727,3912400
2008-12-16,25.28499984741211,25.489999771118164,24.165000915527344,25.065000534057617,5055800
2008-12-17,24.614999771118164,26.40999984741211,24.454999923706055,24.729999542236328,4620600
2008-12-18,24.915000915527344,24.915000915527344,22.625,22.899999618530273,4296400
2008-12-19,22.93000030517578,24.295000076293945,22.93000030517578,23.920000076293945,4880600
2008-12-22,23.920000076293945,23.96500015258789,22.06999969482422,22.665000915527344,4280200
2008-12-23,22.299999237060547,23.309999465942383,22.079999923706055,22.799999237060547,2429800
2008-12-24,22.389999389648438,22.770000457763672,22.014999389648438,22.604999542236328,991600
2008-12-26,22.825000762939453,23.084999084472656,22.440000534057617,23.010000228881836,1151000
2008-12-29,23.600000381469727,24.0,23.165000915527344,23.850000381469727,3251400
2008-12-30,23.584999084472656,24.31999969482422,23.145000457763672,24.295000076293945,3348200
2008-12-31,24.114999771118164,24.920000076293945,23.905000686645508,24.610000610351562,3402600
2009-01-02,24.760000228881836,26.295000076293945,24.760000228881836,26.190000534057617,3811800
2009-01-05,26.0049991607666,27.540000915527344,25.780000686645508,26.93000030517578,4641800
2009-01-06,27.6299991607666,28.40999984741211,27.344999313354492,27.579999923706055,4888800
2009-01-07,26.739999771118164,26.969999313354492,25.565000534057617,26.190000534057617,4894800
2009-01-08,25.434999465942383,26.690000534057617,25.420000076293945,26.549999237060547,3320400
2009-01-09,26.559999465942383,26.8700008392334,24.979999542236328,25.045000076293945,4067000
2009-01-12,24.670000076293945,24.790000915527344,23.2450008392334,23.565000534057617,5740000
2009-01-13,23.565000534057617,24.674999237060547,23.44499969482422,24.454999923706055,5094600
2009-01-14,24.165000915527344,24.18000030517578,22.399999618530273,22.8799991607666,4897000
2009-01-15,23.229999542236328,23.704999923706055,22.100000381469727,23.450000762939453,5625200
2009-01-16,23.625,24.575000762939453,22.975000381469727,23.395000457763672,5244200
2009-01-20,25.219999313354492,25.25,23.795000076293945,23.959999084472656,11388600
2009-01-21,24.43000030517578,25.049999237060547,24.010000228881836,24.829999923706055,10103400
2009-01-22,24.385000228881836,24.829999923706055,23.25,24.0049991607666,8600200
2009-01-23,23.440000534057617,25.165000915527344,23.09000015258789,24.7549991607666,7889600
2009-01-26,25.190000534057617,26.350000381469727,24.670000076293945,25.719999313354492,8148400
2009-01-27,25.94499969482422,25.94499969482422,24.78499984741211,25.014999389648438,6920600
2009-01-28,25.459999084472656,26.024999618530273,25.014999389648438,25.90999984741211,6275400
2009-01-29,25.360000610351562,26.06999969482422,25.110000610351562,25.274999618530273,4875400
2009-01-30,25.510000228881836,25.940000534057617,24.30500030517578,24.46500015258789,6553400
2009-02-02,23.979999542236328,24.674999237060547,23.565000534057617,24.204999923706055,6330200
2009-02-03,24.40999984741211,25.405000686645508,24.045000076293945,25.225000381469727,6132200
2009-02-04,25.75,26.5,25.46500015258789,25.985000610351562,7321000
2009-02-05,25.875,27.149999618530273,25.454999923706055,26.719999313354492,6803000
2009-02-06,26.614999771118164,27.78499984741211,26.084999084472656,27.5,4040600
2009-02-09,27.0,28.424999237060547,27.0,27.704999923706055,4645200
2009-02-10,27.959999084472656,29.1200008392334,26.985000610351562,27.2549991607666,7110800
2009-02-11,27.540000915527344,27.84000015258789,25.84000015258789,26.389999389648438,5247600
2009-02-12,25.665000915527344,26.815000534057617,25.559999465942383,26.739999771118164,3768600
2009-02-13,26.645000457763672,27.424999237060547,26.645000457763672,27.010000228881836,2669600
2009-02-17,25.854999542236328,26.149999618530273,24.65999984741211,24.709999084472656,4527800
2009-02-18,24.959999084472656,25.114999771118164,23.815000534057617,24.31999969482422,4966600
2009-02-19,24.825000762939453,25.6200008392334,24.264999389648438,24.969999313354492,6480400
2009-02-20,24.825000762939453,24.825000762939453,23.395000457763672,24.014999389648438,4962000
2009-02-23,24.469999313354492,24.645000457763672,22.334999084472656,22.399999618530273,5073000
2009-02-24,22.670000076293945,23.764999389648438,22.135000228881836,23.549999237060547,6065200
2009-02-25,23.549999237060547,24.014999389648438,22.81999969482422,23.309999465942383,5401400
2009-02-26,23.7549991607666,24.309999465942383,23.295000076293945,23.530000686645508,4555000
2009-02-27,22.760000228881836,23.604999542236328,22.094999313354492,22.770000457763672,5304800
2009-03-02,22.200000762939453,22.299999237060547,20.165000915527344,20.364999771118164,5022600
2009-03-03,20.850000381469727,21.6200008392334,20.170000076293945,20.93000030517578,6344800
2009-03-04,22.014999389648438,22.739999771118164,21.655000686645508,21.969999313354492,6039400
2009-03-05,21.200000762939453,21.940000534057617,20.899999618530273,21.270000457763672,6242400
2009-03-06,21.69499969482422,22.225000381469727,20.420000076293945,21.225000381469727,4491400
2009-03-09,21.209999084472656,22.110000610351562,21.0049991607666,21.395000457763672,6387800
2009-03-10,21.885000228881836,23.03499984741211,21.704999923706055,22.8700008392334,6360400
2009-03-11,22.940000534057617,23.565000534057617,22.299999237060547,22.895000457763672,4100000
2009-03-12,22.94499969482422,24.05500030517578,22.530000686645508,23.989999771118164,5056600
2009-03-13,24.21500015258789,24.264999389648438,23.270000457763672,23.895000457763672,4880600
2009-03-16,24.014999389648438,24.969999313354492,23.674999237060547,24.459999084472656,5001600
2009-03-17,24.469999313354492,25.514999389648438,24.094999313354492,25.514999389648438,4476000
2009-03-18,25.110000610351562,26.084999084472656,24.719999313354492,26.049999237060547,7278400
2009-03-19,26.825000762939453,27.725000381469727,26.709999084472656,26.795000076293945,6056600
2009-03-20,26.979999542236328,27.15999984741211,25.920000076293945,25.985000610351562,4354400
2009-03-23,26.770000457763672,28.655000686645508,26.639999389648438,28.649999618530273,4890000
2009-03-24,28.0,28.280000686645508,27.184999465942383,27.584999084472656,3992400
2009-03-25,27.68000030517578,27.825000762939453,26.325000762939453,27.239999771118164,5435600
2009-03-26,27.674999237060547,28.155000686645508,26.924999237060547,27.860000610351562,9150000
2009-03-27,27.1200008392334,27.1200008392334,26.43000030517578,26.770000457763672,3784000
2009-03-30,26.0049991607666,26.299999237060547,25.360000610351562,26.104999542236328,5547400
2009-03-31,26.5049991607666,27.559999465942383,26.260000228881836,26.940000534057617,6915000
2009-04-01,26.43000030517578,28.1200008392334,26.1299991607666,27.790000915527344,5928000
2009-04-02,28.600000381469727,29.514999389648438,28.28499984741211,29.19499969482422,5601800
2009-04-03,29.170000076293945,30.0,29.0,29.93000030517578,3966400
2009-04-06,29.424999237060547,30.09000015258789,28.875,29.895000457763672,7423800
2009-04-07,29.104999542236328,29.34000015258789,28.584999084472656,29.0049991607666,4525400
2009-04-08,29.354999542236328,30.219999313354492,28.329999923706055,29.94499969482422,4230200
2009-04-09,31.049999237060547,31.399999618530273,30.204999923706055,30.649999618530273,4235400
2009-04-13,29.985000610351562,30.850000381469727,29.3799991607666,30.559999465942383,2873600
2009-04-14,30.125,31.184999465942383,29.815000534057617,30.135000228881836,5447000
2009-04-15,30.274999618530273,30.69499969482422,28.639999389648438,29.264999389648438,5989000
2009-04-16,29.7450008392334,30.420000076293945,28.975000381469727,30.079999923706055,4485800
2009-04-17,30.415000915527344,31.014999389648438,30.114999771118164,30.81999969482422,4075000
2009-04-20,29.8799991607666,30.18000030517578,28.649999618530273,28.674999237060547,3262400
2009-04-21,28.290000915527344,29.864999771118164,28.190000534057617,29.405000686645508,3869200
2009-04-22,29.0,29.31999969482422,28.389999389648438,28.565000534057617,3933000
2009-04-23,28.729999542236328,29.489999771118164,28.604999542236328,29.385000228881836,3436800
2009-04-24,29.989999771118164,30.645000457763672,29.915000915527344,30.344999313354492,3620800
2009-04-27,29.639999389648438,29.639999389648438,28.8799991607666,29.290000915527344,3738600
2009-04-28,28.815000534057617,29.56999969482422,28.7549991607666,29.075000762939453,3387800
2009-04-29,29.3799991607666,30.524999618530273,29.354999542236328,30.135000228881836,4084600
2009-04-30,29.875,30.135000228881836,27.84000015258789,28.375,6960200
2009-05-01,28.625,29.790000915527344,28.225000381469727,29.420000076293945,3946800
2009-05-04,29.844999313354492,30.469999313354492,29.424999237060547,30.469999313354492,4518800
2009-05-05,30.399999618530273,30.399999618530273,28.434999465942383,29.299999237060547,4194200
2009-05-06,29.864999771118164,30.235000610351562,29.44499969482422,30.165000915527344,5045800
2009-05-07,30.985000610351562,31.399999618530273,29.05500030517578,29.354999542236328,5554400
2009-05-08,29.450000762939453,30.274999618530273,29.299999237060547,29.760000228881836,5750000
2009-05-11,29.424999237060547,29.524999618530273,28.434999465942383,28.829999923706055,3658600
2009-05-12,28.924999237060547,29.235000610351562,27.875,28.524999618530273,4169800
2009-05-13,27.959999084472656,28.219999313354492,26.7450008392334,26.864999771118164,4894200
2009-05-14,26.940000534057617,27.375,26.415000915527344,27.06999969482422,3457600
2009-05-15,26.8700008392334,27.0049991607666,25.43000030517578,25.985000610351562,5717400
2009-05-18,26.549999237060547,27.594999313354492,26.44499969482422,27.510000228881836,4812000
2009-05-19,27.7450008392334,28.920000076293945,27.375,28.584999084472656,6325200
2009-05-20,29.104999542236328,29.674999237060547,28.655000686645508,28.719999313354492,4495600
2009-05-21,28.135000228881836,28.174999237060547,27.18000030517578,27.68000030517578,4301400
2009-05-22,28.03499984741211,28.34000015258789,27.5049991607666,27.815000534057617,3540800
2009-05-26,27.479999542236328,28.584999084472656,26.885000228881836,28.575000762939453,5575400
2009-05-27,28.799999237060547,29.135000228881836,28.235000610351562,28.3700008392334,4038600
2009-05-28,28.895000457763672,29.600000381469727,28.295000076293945,29.360000610351562,4817200
2009-05-29,29.90999984741211,30.344999313354492,29.56999969482422,29.739999771118164,8754000
2009-06-01,30.454999923706055,31.850000381469727,30.434999465942383,31.584999084472656,4188000
2009-06-02,31.145000457763672,31.934999465942383,30.889999389648438,31.760000228881836,4663600
2009-06-03,31.145000457763672,31.209999084472656,29.84000015258789,30.385000228881836,4554600
2009-06-04,30.860000610351562,32.02000045776367,30.600000381469727,31.700000762939453,4291400
2009-06-05,31.959999084472656,32.48500061035156,31.46500015258789,31.979999542236328,5651800
2009-06-08,31.6200008392334,32.38999938964844,31.295000076293945,32.1150016784668,4296000
2009-06-09,32.529998779296875,33.255001068115234,32.34000015258789,33.04999923706055,4545800
2009-06-10,33.26499938964844,33.69499969482422,32.66999816894531,33.150001525878906,3560800
2009-06-11,33.154998779296875,34.53499984741211,33.095001220703125,33.82500076293945,3056800
2009-06-12,33.084999084472656,33.45500183105469,32.54499816894531,33.3849983215332,3426200
2009-06-15,32.8650016784668,33.1150016784668,32.2400016784668,32.689998626708984,2655000
2009-06-16,33.125,33.29999923706055,31.44499969482422,31.635000228881836,3490800
2009-06-17,31.71500015258789,31.729999542236328,30.424999237060547,31.09000015258789,3089400
2009-06-18,31.084999084472656,31.34000015258789,30.375,30.709999084472656,2186800
2009-06-19,31.094999313354492,31.094999313354492,29.809999465942383,30.079999923706055,3755800
2009-06-22,29.520000457763672,29.540000915527344,27.934999465942383,28.540000915527344,4487000
2009-06-23,28.864999771118164,28.864999771118164,27.7450008392334,28.420000076293945,3536200
2009-06-24,28.649999618530273,28.93000030517578,28.424999237060547,28.665000915527344,3487400
2009-06-25,28.645000457763672,29.469999313354492,28.514999389648438,29.364999771118164,3615200
2009-06-26,29.139999389648438,29.469999313354492,28.815000534057617,29.045000076293945,3424200
2009-06-29,29.360000610351562,29.84000015258789,29.075000762939453,29.655000686645508,3984000
2009-06-30,29.6200008392334,29.96500015258789,28.969999313354492,29.485000610351562,3580200
2009-07-01,29.885000228881836,30.350000381469727,29.829999923706055,29.895000457763672,4890800
2009-07-02,29.325000762939453,29.325000762939453,28.06999969482422,28.219999313354492,3055400
2009-07-06,27.3700008392334,27.545000076293945,26.825000762939453,27.469999313354492,3617400
2009-07-07,27.485000610351562,27.610000610351562,26.604999542236328,26.655000686645508,4133000
2009-07-08,26.815000534057617,27.18000030517578,25.7450008392334,26.375,5231800
2009-07-09,26.690000534057617,27.524999618530273,26.524999618530273,27.405000686645508,5331000
2009-07-10,26.90999984741211,27.440000534057617,26.565000534057617,27.315000534057617,3478800
2009-07-13,27.30500030517578,27.924999237060547,26.434999465942383,27.915000915527344,3577600
2009-07-14,28.28499984741211,28.510000228881836,27.78499984741211,28.170000076293945,3359600
2009-07-15,28.704999923706055,28.875,28.40999984741211,28.729999542236328,4002000
2009-07-16,28.489999771118164,29.299999237060547,28.235000610351562,29.114999771118164,3597000
2009-07-17,29.15999984741211,29.46500015258789,28.895000457763672,29.065000534057617,3377200
2009-07-20,29.459999084472656,29.969999313354492,29.395000457763672,29.84000015258789,2773000
2009-07-21,30.190000534057617,30.395000457763672,29.360000610351562,30.06999969482422,2970400
2009-07-22,29.625,30.03499984741211,29.25,29.334999084472656,5029600
2009-07-23,29.420000076293945,30.165000915527344,29.219999313354492,30.024999618530273,4234600
2009-07-24,29.725000381469727,30.145000457763672,29.475000381469727,29.9950008392334,3914600
2009-07-27,30.125,30.165000915527344,29.399999618530273,29.700000762939453,4103200
2009-07-28,29.350000381469727,29.825000762939453,28.799999237060547,29.299999237060547,5114000
2009-07-29,28.4950008392334,28.55500030517578,27.56999969482422,28.329999923706055,4552400
2009-07-30,28.895000457763672,30.489999771118164,28.729999542236328,30.0,7495200
2009-07-31,29.43000030517578,30.8799991607666,29.43000030517578,30.559999465942383,4210400
2009-08-03,31.184999465942383,32.21500015258789,31.155000686645508,31.989999771118164,4103800
2009-08-04,31.770000457763672,31.770000457763672,30.895000457763672,31.09000015258789,3833600
2009-08-05,30.969999313354492,31.0,30.049999237060547,30.325000762939453,3788000
2009-08-06,30.25,30.795000076293945,30.0,30.184999465942383,2744000
2009-08-07,30.55500030517578,30.940000534057617,30.09000015258789,30.204999923706055,2659400
2009-08-10,30.114999771118164,30.475000381469727,29.895000457763672,30.15999984741211,2976600
2009-08-11,29.989999771118164,29.989999771118164,29.625,29.729999542236328,1762400
2009-08-12,29.635000228881836,30.665000915527344,29.5,30.3700008392334,2875000
2009-08-13,30.690000534057617,30.690000534057617,30.0,30.4950008392334,2180800
2009-08-14,30.56999969482422,30.56999969482422,29.5,29.950000762939453,1490400
2009-08-17,29.469999313354492,29.475000381469727,28.829999923706055,29.100000381469727,2276200
2009-08-18,29.084999084472656,29.655000686645508,28.959999084472656,29.540000915527344,1762600
2009-08-19,29.2549991607666,30.389999389648438,29.075000762939453,30.065000534057617,2559800
2009-08-20,30.09000015258789,30.545000076293945,29.924999237060547,30.290000915527344,2729200
2009-08-21,30.415000915527344,31.020000457763672,30.25,30.799999237060547,3880000
2009-08-24,31.125,31.459999084472656,30.989999771118164,31.184999465942383,2536200
2009-08-25,31.219999313354492,31.475000381469727,30.44499969482422,30.594999313354492,2297200
2009-08-26,30.25,31.0,30.25,31.0,2857800
2009-08-27,30.825000762939453,30.934999465942383,29.985000610351562,30.7450008392334,2112600
2009-08-28,31.079999923706055,31.489999771118164,30.90999984741211,31.040000915527344,1865600
2009-08-31,30.575000762939453,30.575000762939453,29.975000381469727,30.229999542236328,1943200
2009-09-01,30.114999771118164,30.530000686645508,29.540000915527344,29.540000915527344,2799200
2009-09-02,29.405000686645508,30.020000457763672,29.405000686645508,29.790000915527344,2552200
2009-09-03,30.09000015258789,30.209999084472656,29.799999237060547,30.049999237060547,2200400
2009-09-04,29.989999771118164,30.53499984741211,29.875,30.53499984741211,1255000
2009-09-08,31.21500015258789,31.68000030517578,31.100000381469727,31.6299991607666,2243400
2009-09-09,31.7450008392334,32.64500045776367,31.735000610351562,32.474998474121094,3946600
2009-09-10,32.650001525878906,33.415000915527344,32.27000045776367,33.31999969482422,2983200
2009-09-11,33.529998779296875,33.935001373291016,32.40999984741211,33.060001373291016,3292000
2009-09-14,32.57500076293945,33.48500061035156,32.36000061035156,33.470001220703125,3139400
2009-09-15,33.70000076293945,34.5,33.56999969482422,34.32500076293945,3044800
2009-09-16,34.4900016784668,35.08000183105469,34.275001525878906,35.05500030517578,4894400
2009-09-17,35.03499984741211,35.17499923706055,34.60499954223633,34.78499984741211,3445400
2009-09-18,35.005001068115234,35.03499984741211,34.13999938964844,34.439998626708984,3184200
2009-09-21,33.70500183105469,34.08000183105469,33.5,34.0,3155800
2009-09-22,34.63999938964844,34.654998779296875,34.154998779296875,34.39500045776367,2037800
2009-09-23,34.494998931884766,34.494998931884766,33.30500030517578,33.60499954223633,3072600
2009-09-24,33.630001068115234,33.71500015258789,32.78499984741211,32.95500183105469,3402800
2009-09-25,33.08000183105469,33.29499816894531,32.400001525878906,32.89500045776367,1819400
2009-09-28,33.07500076293945,33.415000915527344,32.744998931884766,33.39500045776367,1829400
2009-09-29,33.29499816894531,33.5,32.83000183105469,33.22999954223633,1980200
2009-09-30,33.59000015258789,33.59000015258789,32.6349983215332,32.97999954223633,4199200
2009-10-01,32.90999984741211,33.08000183105469,31.700000762939453,31.71500015258789,2706000
2009-10-02,31.1299991607666,32.26499938964844,31.125,32.099998474121094,3388800
2009-10-05,32.19499969482422,32.98500061035156,31.8799991607666,32.95500183105469,2970400
2009-10-06,33.470001220703125,34.040000915527344,33.334999084472656,33.814998626708984,2976600
2009-10-07,33.65999984741211,34.0099983215332,33.45500183105469,33.915000915527344,2721200
2009-10-08,34.125,35.34000015258789,34.04999923706055,35.185001373291016,2796000
2009-10-09,35.15999984741211,35.41999816894531,34.94499969482422,35.334999084472656,2126600
2009-10-12,35.79499816894531,36.32500076293945,35.5099983215332,35.75,1832000
2009-10-13,35.84000015258789,35.91999816894531,34.88999938964844,35.564998626708984,2546600
2009-10-14,36.165000915527344,36.189998626708984,35.70000076293945,36.119998931884766,2242000
2009-10-15,35.81999969482422,36.72999954223633,35.63999938964844,36.70500183105469,2844000
2009-10-16,36.41999816894531,36.939998626708984,36.084999084472656,36.79499816894531,2968800
2009-10-19,36.71500015258789,37.0099983215332,36.529998779296875,36.834999084472656,2574400
2009-10-20,36.71500015258789,37.0,35.78499984741211,36.04999923706055,3857800
2009-10-21,35.7400016784668,36.349998474121094,35.064998626708984,35.09000015258789,5765400
2009-10-22,34.904998779296875,35.630001068115234,34.595001220703125,35.55500030517578,2858800
2009-10-23,35.60499954223633,35.95500183105469,34.435001373291016,34.744998931884766,2638400
2009-10-26,34.970001220703125,36.79999923706055,34.970001220703125,35.01499938964844,5129400
2009-10-27,35.334999084472656,35.72999954223633,34.66999816894531,35.16999816894531,3873000
2009-10-28,34.86000061035156,34.86000061035156,33.345001220703125,33.46500015258789,4103600
2009-10-29,33.915000915527344,34.869998931884766,33.54999923706055,34.255001068115234,5167400
2009-10-30,34.16999816894531,34.23500061035156,32.375,32.814998626708984,5762400
2009-11-02,33.0,33.7400016784668,32.435001373291016,32.845001220703125,4630200
2009-11-03,32.33000183105469,33.279998779296875,32.02000045776367,33.1349983215332,3832800
2009-11-04,33.595001220703125,33.94499969482422,32.935001373291016,33.06999969482422,2989600
2009-11-05,33.29999923706055,33.56999969482422,32.65999984741211,33.439998626708984,3280400
2009-11-06,32.91999816894531,33.849998474121094,32.8650016784668,33.369998931884766,2114000
2009-11-09,34.029998779296875,34.654998779296875,33.91999816894531,34.595001220703125,2573400
2009-11-10,34.375,35.099998474121094,34.25,35.0,3162600
2009-11-11,35.25,35.61000061035156,34.69499969482422,34.85499954223633,2637000
2009-11-12,34.4900016784668,34.755001068115234,33.27000045776367,33.41999816894531,3404200
2009-11-13,32.869998931884766,33.29999923706055,32.560001373291016,33.02000045776367,5211200
2009-11-16,33.28499984741211,34.17499923706055,33.28499984741211,33.900001525878906,3389600
2009-11-17,33.869998931884766,33.92499923706055,33.33000183105469,33.529998779296875,2974000
2009-11-18,33.619998931884766,33.755001068115234,32.75,32.900001525878906,3085200
2009-11-19,32.595001220703125,32.689998626708984,31.844999313354492,32.095001220703125,3908200
2009-11-20,31.915000915527344,32.56999969482422,31.7450008392334,32.3849983215332,5398400
2009-11-23,32.95000076293945,33.42499923706055,32.494998931884766,32.65999984741211,2452800
2009-11-24,32.65999984741211,32.970001220703125,32.5,32.83000183105469,2602400
2009-11-25,32.88999938964844,33.43000030517578,32.3849983215332,33.314998626708984,2237200
2009-11-27,32.279998779296875,32.70000076293945,31.920000076293945,32.459999084472656,1355800
2009-11-30,32.27000045776367,32.79499816894531,32.18000030517578,32.625,2841200
2009-12-01,33.099998474121094,33.560001373291016,33.084999084472656,33.36000061035156,1957000
2009-12-02,33.1150016784668,33.52000045776367,32.744998931884766,32.95500183105469,1889600
2009-12-03,32.86000061035156,33.1349983215332,32.23500061035156,32.2599983215332,2753200
2009-12-04,32.779998779296875,33.20000076293945,32.150001525878906,32.52000045776367,3728000
2009-12-07,32.244998931884766,33.435001373291016,32.244998931884766,32.84000015258789,3304800
2009-12-08,32.51499938964844,32.775001525878906,32.380001068115234,32.55500030517578,4334600
2009-12-09,32.599998474121094,32.96500015258789,32.349998474121094,32.86000061035156,4152200
2009-12-10,33.189998626708984,33.689998626708984,32.970001220703125,33.415000915527344,3164600
2009-12-11,33.48500061035156,33.54999923706055,33.09000015258789,33.2400016784668,3236400
2009-12-14,34.744998931884766,34.970001220703125,33.88999938964844,34.7400016784668,3477400
2009-12-15,34.80500030517578,35.209999084472656,34.474998474121094,35.17499923706055,2725800
2009-12-16,35.39500045776367,35.81999969482422,35.224998474121094,35.56999969482422,2375000
2009-12-17,35.28499984741211,35.904998779296875,35.04499816894531,35.6150016784668,1988000
2009-12-18,35.88999938964844,36.26499938964844,35.43000030517578,35.7400016784668,3852200
2009-12-21,36.040000915527344,36.23500061035156,35.779998779296875,35.85499954223633,2385600
2009-12-22,36.04499816894531,36.185001373291016,35.599998474121094,35.939998626708984,1664800
2009-12-23,36.1349983215332,36.369998931884766,35.939998626708984,36.334999084472656,2056800
2009-12-24,36.525001525878906,36.56999969482422,36.20000076293945,36.415000915527344,737400
2009-12-28,36.810001373291016,37.04499816894531,36.29999923706055,36.44499969482422,1661000
2009-12-29,36.56999969482422,36.619998931884766,35.94499969482422,35.959999084472656,1823000
2009-12-30,35.64500045776367,36.084999084472656,35.54499816894531,35.95000076293945,1296400
2009-12-31,36.095001220703125,36.25,35.61000061035156,35.61000061035156,1201400
2010-01-04,36.224998474121094,36.91999816894531,36.224998474121094,36.61000061035156,2227600
2010-01-05,36.71500015258789,37.69499969482422,36.42499923706055,37.560001373291016,3523000
2010-01-06,37.584999084472656,38.20000076293945,37.42499923706055,37.915000915527344,2030200
2010-01-07,37.720001220703125,37.81999969482422,36.90999984741211,37.404998779296875,2110000
2010-01-08,37.14500045776367,37.65999984741211,36.654998779296875,37.6349983215332,2303000
2010-01-11,38.04499816894531,38.415000915527344,37.33000183105469,37.80500030517578,3183000
2010-01-12,37.66999816894531,38.70500183105469,37.48500061035156,38.03499984741211,5095000
2010-01-13,38.11000061035156,38.54499816894531,37.369998931884766,38.375,2535200
2010-01-14,38.15999984741211,38.8849983215332,38.1150016784668,38.810001373291016,2509400
2010-01-15,38.880001068115234,39.2400016784668,38.224998474121094,38.849998474121094,4321400
2010-01-19,38.810001373291016,39.595001220703125,38.45500183105469,39.52000045776367,2286400
2010-01-20,39.125,39.125,38.349998474121094,38.80500030517578,4429600
2010-01-21,38.88999938964844,39.3650016784668,38.029998779296875,38.64500045776367,4138000
2010-01-22,38.47999954223633,39.27000045776367,38.040000915527344,38.15999984741211,6085400
2010-01-25,38.45500183105469,39.45500183105469,38.45500183105469,39.095001220703125,5578600
2010-01-26,38.654998779296875,39.15999984741211,38.064998626708984,38.2599983215332,6243800
2010-01-27,38.380001068115234,38.53499984741211,36.915000915527344,37.5,4122400
2010-01-28,37.900001525878906,38.2599983215332,36.7599983215332,37.279998779296875,3463800
2010-01-29,37.57500076293945,38.19499969482422,36.779998779296875,36.970001220703125,3964000
2010-02-01,37.31999969482422,37.90999984741211,37.18000030517578,37.90999984741211,3304000
2010-02-02,37.94499969482422,38.65999984741211,37.39500045776367,38.57500076293945,3562400
2010-02-03,38.375,38.63999938964844,38.060001373291016,38.35499954223633,1988800
2010-02-04,37.90999984741211,37.90999984741211,36.26499938964844,36.35499954223633,2666600
2010-02-05,36.2599983215332,36.619998931884766,35.40999984741211,36.525001525878906,4289800
2010-02-08,36.625,36.85499954223633,36.0,36.29999923706055,3016800
2010-02-09,36.81999969482422,37.81999969482422,36.724998474121094,37.21500015258789,2513800
2010-02-10,36.900001525878906,37.0099983215332,36.314998626708984,36.63999938964844,3984800
2010-02-11,36.63999938964844,37.53499984741211,36.505001068115234,37.5,2465600
2010-02-12,37.0099983215332,37.29499816894531,36.6349983215332,37.185001373291016,2791600
2010-02-16,37.63999938964844,38.54999923706055,37.63999938964844,38.44499969482422,2581800
2010-02-17,38.630001068115234,38.709999084472656,37.89500045776367,38.220001220703125,3671800
2010-02-18,37.125,37.97999954223633,37.10499954223633,37.665000915527344,5394200
2010-02-19,37.47999954223633,37.88999938964844,37.19499969482422,37.380001068115234,3370200
2010-02-22,37.369998931884766,37.41999816894531,36.15999984741211,36.2400016784668,2947800
2010-02-23,35.9900016784668,36.27000045776367,35.349998474121094,35.470001220703125,3274400
2010-02-24,35.08000183105469,36.099998474121094,34.97999954223633,35.494998931884766,4089400
2010-02-25,34.92499923706055,35.744998931884766,34.6349983215332,35.6349983215332,2773000
2010-02-26,35.755001068115234,36.435001373291016,35.48500061035156,36.31999969482422,3674600
2010-03-01,36.65999984741211,36.88999938964844,36.46500015258789,36.67499923706055,3414600
2010-03-02,36.80500030517578,37.21500015258789,36.36000061035156,36.529998779296875,4368000
2010-03-03,36.69499969482422,36.93000030517578,36.209999084472656,36.404998779296875,2969200
2010-03-04,36.4900016784668,36.775001525878906,35.75,36.11000061035156,2376200
2010-03-05,36.38999938964844,36.84000015258789,36.314998626708984,36.6150016784668,2346200
2010-03-08,36.73500061035156,36.79999923706055,36.3650016784668,36.4900016784668,1761800
2010-03-09,36.349998474121094,36.79999923706055,36.255001068115234,36.625,2711000
2010-03-10,36.689998626708984,36.880001068115234,36.45500183105469,36.775001525878906,3528800
2010-03-11,36.625,36.849998474121094,36.48500061035156,36.73500061035156,2604200
2010-03-12,36.97999954223633,37.07500076293945,36.560001373291016,37.0099983215332,2353200
2010-03-15,36.880001068115234,36.935001373291016,36.19499969482422,36.61000061035156,3209000
2010-03-16,36.84000015258789,37.04999923706055,36.53499984741211,37.03499984741211,2294400
2010-03-17,37.220001220703125,38.310001373291016,37.220001220703125,38.08000183105469,4759600
2010-03-18,37.915000915527344,38.20500183105469,37.1150016784668,37.19499969482422,3942000
2010-03-19,36.595001220703125,37.48500061035156,36.23500061035156,36.595001220703125,5020800
2010-03-22,36.165000915527344,36.21500015258789,35.75,36.13999938964844,3979800
2010-03-23,36.130001068115234,36.290000915527344,35.63999938964844,35.86000061035156,5287200
2010-03-24,35.70500183105469,36.185001373291016,35.404998779296875,36.025001525878906,4594000
2010-03-25,36.35499954223633,36.35499954223633,35.064998626708984,35.09000015258789,3809600
2010-03-26,35.11000061035156,35.209999084472656,34.189998626708984,34.595001220703125,6041800
2010-03-29,34.904998779296875,35.665000915527344,34.7400016784668,35.64500045776367,2974200
2010-03-30,35.404998779296875,35.974998474121094,35.125,35.81999969482422,3601400
2010-03-31,35.8650016784668,36.79999923706055,35.84000015258789,36.5,5128200
2010-04-01,36.939998626708984,37.720001220703125,36.875,37.63999938964844,4262400
2010-04-05,37.78499984741211,38.939998626708984,37.650001525878906,38.494998931884766,4925000
2010-04-06,38.279998779296875,38.40999984741211,37.84000015258789,37.95000076293945,4764800
2010-04-07,37.779998779296875,38.33000183105469,37.5,37.935001373291016,4607400
2010-04-08,37.64500045776367,38.1349983215332,37.224998474121094,38.064998626708984,2222200
2010-04-09,38.290000915527344,38.59000015258789,38.10499954223633,38.439998626708984,2613200
2010-04-12,38.310001373291016,38.625,38.04999923706055,38.26499938964844,3036800
2010-04-13,38.244998931884766,38.46500015258789,37.73500061035156,38.29999923706055,2327600
2010-04-14,38.584999084472656,39.1150016784668,38.25,39.08000183105469,3097000
2010-04-15,39.27000045776367,39.29499816894531,38.8849983215332,39.154998779296875,2158600
2010-04-16,38.81999969482422,39.125,38.279998779296875,38.650001525878906,3876800
2010-04-19,38.255001068115234,38.744998931884766,38.08000183105469,38.65999984741211,2128600
2010-04-20,38.974998474121094,39.54999923706055,38.96500015258789,39.33000183105469,2482600
2010-04-21,39.27000045776367,39.439998626708984,38.970001220703125,39.20000076293945,2357800
2010-04-22,38.77000045776367,39.88999938964844,38.68000030517578,39.665000915527344,3389600
2010-04-23,39.61000061035156,40.33000183105469,39.380001068115234,40.32500076293945,4177200
2010-04-26,40.279998779296875,40.75,40.060001373291016,40.3650016784668,3422000
2010-04-27,40.04499816894531,40.345001220703125,39.03499984741211,39.11000061035156,3369400
2010-04-28,39.52000045776367,39.72999954223633,39.04499816894531,39.45500183105469,4017200
2010-04-29,39.244998931884766,39.97999954223633,37.78499984741211,39.125,5952200
2010-04-30,39.16999816894531,39.34000015258789,37.77000045776367,38.20000076293945,5531400
2010-05-03,38.22999954223633,39.22999954223633,38.119998931884766,38.939998626708984,3070800
2010-05-04,38.369998931884766,38.64500045776367,37.810001373291016,38.44499969482422,3484800
2010-05-05,37.900001525878906,38.029998779296875,37.209999084472656,37.46500015258789,4262400
2010-05-06,37.14500045776367,37.540000915527344,34.79499816894531,36.17499923706055,5505200
2010-05-07,36.0,36.5099983215332,34.93000030517578,35.400001525878906,4812400
2010-05-10,37.20500183105469,37.220001220703125,35.970001220703125,36.53499984741211,5078200
2010-05-11,36.029998779296875,36.33000183105469,34.150001525878906,34.275001525878906,11133400
2010-05-12,34.459999084472656,35.154998779296875,33.849998474121094,35.064998626708984,9565800
2010-05-13,34.91999816894531,35.290000915527344,34.36000061035156,34.459999084472656,4268400
2010-05-14,34.20500183105469,34.33000183105469,32.869998931884766,33.525001525878906,5183800
2010-05-17,33.73500061035156,33.97999954223633,32.494998931884766,32.96500015258789,4845600
2010-05-18,33.48500061035156,33.724998474121094,32.54999923706055,32.64500045776367,4545800
2010-05-19,32.349998474121094,32.54999923706055,31.235000610351562,32.04499816894531,5222800
2010-05-20,31.0,31.094999313354492,30.100000381469727,30.18000030517578,7161200
2010-05-21,29.780000686645508,30.584999084472656,29.200000762939453,30.559999465942383,8627000
2010-05-24,30.584999084472656,30.584999084472656,29.790000915527344,29.80500030517578,3147000
2010-05-25,29.059999465942383,29.364999771118164,28.549999237060547,29.315000534057617,9683600
2010-05-26,29.700000762939453,30.5049991607666,29.700000762939453,30.125,6816800
2010-05-27,30.90999984741211,31.545000076293945,30.674999237060547,30.84000015258789,6869400
2010-05-28,30.885000228881836,31.010000228881836,29.565000534057617,29.7450008392334,6778400
2010-06-01,29.520000457763672,29.520000457763672,28.114999771118164,28.114999771118164,8729800
2010-06-02,28.40999984741211,30.075000762939453,28.25,30.075000762939453,6884200
2010-06-03,31.040000915527344,31.834999084472656,30.600000381469727,31.704999923706055,10507000
2010-06-04,31.15999984741211,32.060001373291016,30.149999618530273,30.299999237060547,7037600
2010-06-07,30.69499969482422,30.8700008392334,29.969999313354492,30.079999923706055,4218400
2010-06-08,30.104999542236328,30.485000610351562,29.700000762939453,30.44499969482422,6028600
2010-06-09,30.770000457763672,31.280000686645508,30.274999618530273,30.53499984741211,6085400
2010-06-10,31.225000381469727,31.9950008392334,31.209999084472656,31.950000762939453,4109000
2010-06-11,31.635000228881836,32.0,31.360000610351562,31.989999771118164,3380600
2010-06-14,32.42499923706055,32.6150016784668,31.6299991607666,31.84000015258789,3752000
2010-06-15,32.349998474121094,33.279998779296875,32.154998779296875,33.224998474121094,3971600
2010-06-16,32.95000076293945,33.334999084472656,32.43000030517578,33.099998474121094,4055000
2010-06-17,33.025001525878906,33.1349983215332,32.71500015258789,33.04999923706055,2832600
2010-06-18,33.03499984741211,33.10499954223633,32.505001068115234,32.9900016784668,3063800
2010-06-21,33.375,33.685001373291016,32.400001525878906,32.64500045776367,3152000
2010-06-22,32.619998931884766,32.650001525878906,31.385000228881836,31.530000686645508,3650600
2010-06-23,31.485000610351562,31.614999771118164,31.06999969482422,31.204999923706055,3564200
2010-06-24,31.059999465942383,31.43000030517578,30.795000076293945,30.975000381469727,3876800
2010-06-25,31.09000015258789,31.78499984741211,30.684999465942383,31.450000762939453,5288800
2010-06-28,31.53499984741211,31.604999542236328,30.834999084472656,30.895000457763672,3247000
2010-06-29,30.229999542236328,30.514999389648438,29.96500015258789,30.135000228881836,3759600
2010-06-30,30.145000457763672,30.645000457763672,29.954999923706055,30.165000915527344,6236800
2010-07-01,30.104999542236328,30.915000915527344,29.610000610351562,30.600000381469727,5504400
2010-07-02,30.719999313354492,31.239999771118164,30.559999465942383,30.940000534057617,4172400
2010-07-06,31.530000686645508,31.940000534057617,31.094999313354492,31.43000030517578,4610000
2010-07-07,31.3700008392334,32.779998779296875,31.3700008392334,32.775001525878906,4586000
2010-07-08,33.13999938964844,33.38999938964844,32.375,33.20500183105469,4000200
2010-07-09,33.25,33.279998779296875,32.474998474121094,32.85499954223633,2779000
2010-07-12,32.755001068115234,33.18000030517578,32.68000030517578,33.154998779296875,2608000
2010-07-13,33.845001220703125,33.88999938964844,33.369998931884766,33.45000076293945,2806200
2010-07-14,33.224998474121094,33.75,32.849998474121094,33.33000183105469,3927400
2010-07-15,33.369998931884766,33.78499984741211,32.96500015258789,33.685001373291016,2305200
2010-07-16,33.349998474121094,33.380001068115234,32.630001068115234,32.80500030517578,3927800
2010-07-19,32.95000076293945,33.165000915527344,32.58000183105469,33.005001068115234,2361400
2010-07-20,32.595001220703125,33.849998474121094,32.595001220703125,33.779998779296875,2086600
2010-07-21,33.900001525878906,33.90999984741211,32.82500076293945,33.03499984741211,3817200
2010-07-22,33.755001068115234,34.099998474121094,33.47999954223633,33.88999938964844,3433400
2010-07-23,33.724998474121094,33.83000183105469,33.005001068115234,33.685001373291016,2939200
2010-07-26,33.689998626708984,34.21500015258789,33.689998626708984,34.09000015258789,1987200
2010-07-27,34.20500183105469,34.40999984741211,33.44499969482422,33.72999954223633,2941600
2010-07-28,33.71500015258789,34.17499923706055,33.56999969482422,33.790000915527344,3318800
2010-07-29,34.599998474121094,34.91999816894531,33.68000030517578,34.07500076293945,3538400
2010-07-30,33.779998779296875,34.31999969482422,33.275001525878906,33.529998779296875,4540800
2010-08-02,34.05500030517578,34.560001373291016,33.69499969482422,34.470001220703125,2787800
2010-08-03,34.4900016784668,34.98500061035156,34.349998474121094,34.505001068115234,4595800
2010-08-04,34.46500015258789,34.7400016784668,34.130001068115234,34.44499969482422,2787800
2010-08-05,34.064998626708984,34.8650016784668,33.94499969482422,34.79999923706055,2816800
2010-08-06,34.3650016784668,34.810001373291016,33.9900016784668,34.5,3013600
2010-08-09,34.7400016784668,34.875,34.30500030517578,34.79999923706055,2536200
2010-08-10,34.42499923706055,34.619998931884766,34.07500076293945,34.5,3184000
2010-08-11,33.8650016784668,34.095001220703125,33.290000915527344,33.5099983215332,3163200
2010-08-12,32.959999084472656,33.505001068115234,32.900001525878906,33.2400016784668,1968000
2010-08-13,33.03499984741211,33.755001068115234,32.97999954223633,33.57500076293945,2470600
2010-08-16,33.415000915527344,33.67499923706055,33.04999923706055,33.3650016784668,3390000
2010-08-17,33.73500061035156,35.064998626708984,33.595001220703125,34.79999923706055,4343800
2010-08-18,34.70500183105469,34.76499938964844,34.08000183105469,34.459999084472656,2845000
2010-08-19,34.29499816894531,34.31999969482422,33.78499984741211,33.994998931884766,2406800
2010-08-20,33.709999084472656,33.959999084472656,33.29999923706055,33.54999923706055,2085400
2010-08-23,33.665000915527344,34.11000061035156,33.665000915527344,33.685001373291016,1910800
2010-08-24,32.9900016784668,33.165000915527344,32.6349983215332,32.744998931884766,2536200
2010-08-25,32.57500076293945,32.665000915527344,31.899999618530273,32.52000045776367,2439000
2010-08-26,32.775001525878906,32.775001525878906,32.01499938964844,32.27000045776367,5677000
2010-08-27,32.505001068115234,33.68000030517578,31.94499969482422,33.619998931884766,3212200
2010-08-30,34.310001373291016,35.31999969482422,34.15999984741211,34.279998779296875,6538200
2010-08-31,34.185001373291016,35.42499923706055,33.79499816894531,34.88999938964844,6326200
2010-09-01,35.650001525878906,35.80500030517578,35.25,35.59000015258789,4937400
2010-09-02,35.6150016784668,36.380001068115234,35.400001525878906,36.334999084472656,3606800
2010-09-03,36.334999084472656,37.25,36.334999084472656,37.19499969482422,3284600
2010-09-07,37.029998779296875,37.16999816894531,36.43000030517578,36.540000915527344,4231000
2010-09-08,36.65999984741211,36.970001220703125,36.46500015258789,36.595001220703125,2176000
2010-09-09,37.244998931884766,37.349998474121094,36.685001373291016,37.1150016784668,3621800
2010-09-10,37.43000030517578,37.75,37.189998626708984,37.59000015258789,2385200
2010-09-13,37.81999969482422,38.54499816894531,37.7599983215332,38.44499969482422,3252800
2010-09-14,38.33000183105469,38.814998626708984,38.21500015258789,38.54499816894531,3430800
2010-09-15,38.244998931884766,38.564998626708984,37.9900016784668,38.5,2962200
2010-09-16,38.404998779296875,38.42499923706055,37.625,37.79999923706055,4345200
2010-09-17,37.525001525878906,37.66999816894531,36.8849983215332,37.029998779296875,5997200
2010-09-20,36.98500061035156,37.6349983215332,36.86000061035156,37.5099983215332,2418600
2010-09-21,37.56999969482422,37.720001220703125,37.17499923706055,37.505001068115234,2549000
2010-09-22,37.61000061035156,37.994998931884766,37.060001373291016,37.130001068115234,2362800
2010-09-23,36.69499969482422,37.119998931884766,36.369998931884766,36.834999084472656,2197200
2010-09-24,37.30500030517578,37.900001525878906,37.19499969482422,37.724998474121094,2065800
2010-09-27,37.77000045776367,37.900001525878906,37.48500061035156,37.48500061035156,1405600
2010-09-28,37.7599983215332,37.7599983215332,36.81999969482422,37.60499954223633,1511200
2010-09-29,37.505001068115234,37.93000030517578,37.28499984741211,37.7599983215332,2070200
2010-09-30,38.02000045776367,38.279998779296875,36.95500183105469,37.54499816894531,2382400
2010-10-01,37.97999954223633,38.084999084472656,37.53499984741211,37.880001068115234,2664200
2010-10-04,37.900001525878906,38.29499816894531,37.6349983215332,37.869998931884766,2757400
2010-10-05,38.334999084472656,38.70500183105469,38.13999938964844,38.599998474121094,3325200
2010-10-06,38.435001373291016,38.720001220703125,38.290000915527344,38.369998931884766,2659800
2010-10-07,38.6150016784668,38.744998931884766,38.04999923706055,38.22999954223633,1917600
2010-10-08,38.32500076293945,38.90999984741211,37.7599983215332,38.7599983215332,2548200
2010-10-11,38.73500061035156,39.189998626708984,38.584999084472656,38.77000045776367,2026400
2010-10-12,38.57500076293945,38.630001068115234,38.029998779296875,38.42499923706055,2508400
2010-10-13,38.724998474121094,39.13999938964844,38.630001068115234,38.970001220703125,3404200
2010-10-14,38.939998626708984,39.22999954223633,38.3650016784668,38.724998474121094,2214800
2010-10-15,38.935001373291016,39.349998474121094,38.630001068115234,39.0,4259600
2010-10-18,39.08000183105469,39.529998779296875,38.76499938964844,39.314998626708984,4332200
2010-10-19,38.70000076293945,38.94499969482422,38.18000030517578,38.44499969482422,3418800
2010-10-20,38.4900016784668,38.744998931884766,38.23500061035156,38.33000183105469,4570800
2010-10-21,38.404998779296875,39.005001068115234,38.275001525878906,38.5,3707000
2010-10-22,38.630001068115234,39.119998931884766,38.43000030517578,39.119998931884766,2429600
2010-10-25,39.380001068115234,39.685001373291016,39.08000183105469,39.165000915527344,2160400
2010-10-26,38.97999954223633,39.07500076293945,38.654998779296875,39.01499938964844,1573400
2010-10-27,38.654998779296875,38.8650016784668,38.21500015258789,38.650001525878906,2400000
2010-10-28,39.744998931884766,40.57500076293945,39.0,39.79999923706055,6704400
2010-10-29,39.685001373291016,40.86000061035156,39.685001373291016,40.7400016784668,3552000
2010-11-01,41.060001373291016,41.23500061035156,40.13999938964844,40.400001525878906,3683200
2010-11-02,40.82500076293945,41.34000015258789,40.6150016784668,41.19499969482422,1878400
2010-11-03,41.439998626708984,41.7400016784668,40.7400016784668,41.7400016784668,3108000
2010-11-04,42.095001220703125,42.70500183105469,41.89500045776367,42.58000183105469,3345800
2010-11-05,42.560001373291016,42.84000015258789,42.279998779296875,42.814998626708984,2760400
2010-11-08,42.5,42.7400016784668,42.31999969482422,42.65999984741211,2485200
2010-11-09,42.845001220703125,42.974998474121094,42.20000076293945,42.61000061035156,4157800
2010-11-10,42.65999984741211,42.75,41.81999969482422,42.23500061035156,4936800
2010-11-11,41.75,42.95000076293945,41.744998931884766,42.73500061035156,3573000
2010-11-12,41.875,42.025001525878906,40.869998931884766,41.125,5291600
2010-11-15,41.3650016784668,41.709999084472656,40.79999923706055,40.82500076293945,2783400
2010-11-16,40.459999084472656,40.73500061035156,40.084999084472656,40.45000076293945,3419400
2010-11-17,40.375,40.92499923706055,40.18000030517578,40.44499969482422,1746800
2010-11-18,40.88999938964844,41.53499984741211,40.779998779296875,41.38999938964844,2034800
2010-11-19,41.25,41.720001220703125,40.915000915527344,41.71500015258789,1954400
2010-11-22,41.34000015258789,41.525001525878906,40.560001373291016,41.310001373291016,1765600
2010-11-23,40.69499969482422,40.94499969482422,39.935001373291016,39.9900016784668,2905000
2010-11-24,40.29999923706055,41.994998931884766,40.27000045776367,41.880001068115234,4418200
2010-11-26,41.4900016784668,41.7599983215332,41.21500015258789,41.22999954223633,1155200
2010-11-29,40.994998931884766,41.54499816894531,40.625,41.314998626708984,2788000
2010-11-30,40.72999954223633,41.380001068115234,40.46500015258789,40.625,3667000
2010-12-01,41.3650016784668,42.084999084472656,41.255001068115234,41.77000045776367,1978800
2010-12-02,41.83000183105469,42.66999816894531,41.724998474121094,42.4900016784668,2091800
2010-12-03,42.279998779296875,42.880001068115234,42.23500061035156,42.810001373291016,1782800
2010-12-06,42.529998779296875,42.95000076293945,42.43000030517578,42.65999984741211,1853000
2010-12-07,43.43000030517578,43.44499969482422,42.334999084472656,42.42499923706055,2752000
2010-12-08,42.5099983215332,42.66999816894531,41.54999923706055,41.8849983215332,2674200
2010-12-09,42.11000061035156,42.189998626708984,40.98500061035156,41.44499969482422,2542000
2010-12-10,41.619998931884766,41.619998931884766,40.69499969482422,41.209999084472656,2501600
2010-12-13,41.30500030517578,41.4900016784668,40.595001220703125,40.875,3444000
2010-12-14,40.8849983215332,41.29499816894531,40.82500076293945,40.939998626708984,2252200
2010-12-15,40.779998779296875,41.3849983215332,40.5,41.279998779296875,3188600
2010-12-16,41.224998474121094,42.20500183105469,40.89500045776367,42.15999984741211,2882800
2010-12-17,42.400001525878906,42.900001525878906,42.275001525878906,42.51499938964844,5010600
2010-12-20,42.76499938964844,42.76499938964844,42.14500045776367,42.32500076293945,1994600
2010-12-21,42.41999816894531,42.79999923706055,42.150001525878906,42.48500061035156,2023000
2010-12-22,42.560001373291016,42.595001220703125,42.19499969482422,42.59000015258789,1202600
2010-12-23,42.470001220703125,42.685001373291016,42.0099983215332,42.46500015258789,1061200
2010-12-27,42.334999084472656,42.494998931884766,42.03499984741211,42.43000030517578,723400
2010-12-28,42.44499969482422,42.625,42.255001068115234,42.4900016784668,945800
2010-12-29,43.89500045776367,44.5,43.334999084472656,43.58000183105469,9238200
2010-12-30,43.89500045776367,44.35499954223633,43.0,43.16999816894531,2812000
2010-12-31,43.16999816894531,43.369998931884766,42.81999969482422,43.040000915527344,1940800
2011-01-03,43.05500030517578,44.220001220703125,42.32500076293945,42.404998779296875,4860400
2011-01-04,42.65999984741211,42.7400016784668,41.599998474121094,42.20000076293945,3493400
2011-01-05,41.63999938964844,42.19499969482422,41.39500045776367,42.185001373291016,3809400
2011-01-06,42.150001525878906,42.25,41.10499954223633,41.314998626708984,3273400
2011-01-07,41.40999984741211,41.73500061035156,41.099998474121094,41.54999923706055,2586600
2011-01-10,41.36000061035156,41.5,40.6349983215332,41.16999816894531,2548000
2011-01-11,41.435001373291016,41.82500076293945,41.28499984741211,41.400001525878906,3244200
2011-01-12,41.650001525878906,42.415000915527344,41.560001373291016,41.974998474121094,3045000
2011-01-13,42.005001068115234,42.314998626708984,41.58000183105469,41.93000030517578,2113200
2011-01-14,41.79999923706055,42.08000183105469,41.345001220703125,42.040000915527344,2030000
2011-01-18,42.07500076293945,42.95000076293945,41.88999938964844,42.775001525878906,2262800
2011-01-19,42.98500061035156,43.154998779296875,42.52000045776367,42.970001220703125,2937200
2011-01-20,42.744998931884766,43.2599983215332,42.505001068115234,42.97999954223633,4062400
2011-01-21,43.380001068115234,43.7400016784668,43.01499938964844,43.6150016784668,3056000
2011-01-24,43.560001373291016,44.18000030517578,43.44499969482422,43.55500030517578,2564800
2011-01-25,43.314998626708984,43.45500183105469,42.27000045776367,42.67499923706055,2810400
2011-01-26,43.005001068115234,43.39500045776367,42.52000045776367,43.26499938964844,1845400
2011-01-27,43.33000183105469,43.53499984741211,42.720001220703125,42.939998626708984,1340400
2011-01-28,43.07500076293945,43.915000915527344,41.709999084472656,43.22999954223633,6547600
2011-01-31,43.525001525878906,45.619998931884766,43.5,45.54999923706055,5233200
2011-02-01,45.654998779296875,46.08000183105469,44.33000183105469,44.56999969482422,3993400
2011-02-02,44.154998779296875,45.05500030517578,44.154998779296875,44.494998931884766,3202400
2011-02-03,44.665000915527344,44.849998474121094,44.19499969482422,44.45000076293945,2700800
2011-02-04,44.53499984741211,44.959999084472656,44.27000045776367,44.67499923706055,3475200
2011-02-07,45.439998626708984,45.9900016784668,44.20500183105469,44.35499954223633,4806600
2011-02-08,44.45000076293945,45.5099983215332,44.20500183105469,45.5099983215332,3777000
2011-02-09,45.26499938964844,45.560001373291016,44.20500183105469,44.54499816894531,2207200
2011-02-10,44.32500076293945,44.85499954223633,43.529998779296875,44.0,4926400
2011-02-11,43.76499938964844,43.79999923706055,43.40999984741211,43.529998779296875,4099800
2011-02-14,43.43000030517578,44.209999084472656,43.43000030517578,44.10499954223633,3095800
2011-02-15,43.89500045776367,44.244998931884766,43.275001525878906,43.33000183105469,2686000
2011-02-16,43.4900016784668,43.779998779296875,42.974998474121094,43.17499923706055,3040000
2011-02-17,43.125,44.10499954223633,43.11000061035156,43.875,2847400
2011-02-18,43.96500015258789,44.6150016784668,43.76499938964844,44.435001373291016,3808400
2011-02-22,44.27000045776367,45.150001525878906,43.8650016784668,44.35499954223633,3351800
2011-02-23,44.5,44.814998626708984,44.064998626708984,44.220001220703125,3726400
2011-02-24,44.369998931884766,44.5,43.16999816894531,43.380001068115234,2465200
2011-02-25,43.630001068115234,44.65999984741211,43.494998931884766,44.595001220703125,2939200
2011-02-28,44.849998474121094,46.459999084472656,44.529998779296875,46.33000183105469,5776000
2011-03-01,46.584999084472656,46.720001220703125,45.375,45.474998474121094,3943000
2011-03-02,45.3650016784668,45.630001068115234,44.90999984741211,45.564998626708984,3086000
2011-03-03,45.79499816894531,46.380001068115234,45.45500183105469,46.255001068115234,2709400
2011-03-04,45.904998779296875,46.904998779296875,45.904998779296875,46.849998474121094,3197800
2011-03-07,47.060001373291016,47.5,46.30500030517578,46.73500061035156,3319400
2011-03-08,46.73500061035156,46.7400016784668,45.42499923706055,45.51499938964844,2288600
2011-03-09,45.5,45.775001525878906,44.915000915527344,45.58000183105469,2564400
2011-03-10,45.04999923706055,45.17499923706055,43.67499923706055,43.76499938964844,2757200
2011-03-11,43.380001068115234,45.07500076293945,43.125,44.82500076293945,1984800
2011-03-14,44.709999084472656,45.15999984741211,44.189998626708984,44.97999954223633,2173200
2011-03-15,43.84000015258789,45.58000183105469,43.650001525878906,45.375,3667400
2011-03-16,45.51499938964844,46.529998779296875,43.92499923706055,43.9900016784668,6694400
2011-03-17,45.11000061035156,46.53499984741211,45.05500030517578,46.314998626708984,3443200
2011-03-18,46.88999938964844,47.05500030517578,46.154998779296875,46.654998779296875,5039400
2011-03-21,47.02000045776367,47.935001373291016,46.95000076293945,47.91999816894531,2648000
2011-03-22,47.900001525878906,48.35499954223633,47.650001525878906,48.01499938964844,2367800
2011-03-23,48.099998474121094,48.369998931884766,47.165000915527344,48.11000061035156,2345200
2011-03-24,48.314998626708984,48.46500015258789,47.275001525878906,48.040000915527344,1715000
2011-03-25,47.91999816894531,49.0,47.85499954223633,48.709999084472656,2110000
2011-03-28,48.685001373291016,49.04499816894531,48.095001220703125,48.1349983215332,1871600
2011-03-29,48.165000915527344,48.9900016784668,48.04499816894531,48.849998474121094,2785400
2011-03-30,49.064998626708984,49.494998931884766,48.775001525878906,49.0,3116600
2011-03-31,49.099998474121094,49.39500045776367,47.994998931884766,48.32500076293945,3394000
2011-04-01,46.96500015258789,48.91999816894531,46.95000076293945,47.834999084472656,4795200
2011-04-04,48.185001373291016,48.724998474121094,47.89500045776367,48.60499954223633,2091800
2011-04-05,48.459999084472656,49.1150016784668,48.165000915527344,48.56999969482422,2685800
2011-04-06,48.90999984741211,49.36000061035156,48.05500030517578,48.470001220703125,2328400
2011-04-07,48.349998474121094,48.63999938964844,47.939998626708984,48.26499938964844,2587800
2011-04-08,48.5,48.77000045776367,48.119998931884766,48.474998474121094,2223000
2011-04-11,48.474998474121094,48.505001068115234,47.0099983215332,47.369998931884766,1867200
2011-04-12,47.005001068115234,47.0099983215332,45.4900016784668,45.79499816894531,3280800
2011-04-13,46.15999984741211,46.68000030517578,45.79999923706055,46.255001068115234,1522600
2011-04-14,45.875,46.53499984741211,45.58000183105469,46.375,1998200
2011-04-15,46.51499938964844,47.08000183105469,45.92499923706055,46.93000030517578,2626800
2011-04-18,46.23500061035156,46.29999923706055,45.595001220703125,45.98500061035156,2791600
2011-04-19,45.98500061035156,46.810001373291016,45.65999984741211,46.6150016784668,2421600
2011-04-20,47.46500015258789,48.130001068115234,47.46500015258789,48.05500030517578,3005400
2011-04-21,48.10499954223633,48.29499816894531,47.45000076293945,47.779998779296875,2145800
2011-04-25,47.9900016784668,47.9900016784668,47.125,47.5,1958400
2011-04-26,47.48500061035156,47.75,47.30500030517578,47.525001525878906,2400000
2011-04-27,47.76499938964844,47.76499938964844,46.79999923706055,47.665000915527344,2625800
2011-04-28,47.959999084472656,48.54999923706055,46.95000076293945,48.05500030517578,2712400
2011-04-29,47.939998626708984,48.53499984741211,47.505001068115234,48.1349983215332,3444200
2011-05-02,48.40999984741211,48.5,46.41999816894531,46.67499923706055,4410400
2011-05-03,46.375,46.375,44.86000061035156,45.29999923706055,5336200
2011-05-04,45.34000015258789,45.34000015258789,44.16999816894531,44.564998626708984,3355600
2011-05-05,43.91999816894531,44.685001373291016,43.165000915527344,43.915000915527344,3192000
2011-05-06,44.36000061035156,45.099998474121094,43.5,44.06999969482422,2532400
2011-05-09,44.23500061035156,44.904998779296875,44.04999923706055,44.6150016784668,2065200
2011-05-10,44.709999084472656,45.45000076293945,44.404998779296875,45.16999816894531,2833200
2011-05-11,44.9900016784668,45.0,43.060001373291016,43.814998626708984,2209800
2011-05-12,43.6349983215332,44.0099983215332,43.0,43.69499969482422,2400000
2011-05-13,43.80500030517578,44.38999938964844,43.209999084472656,43.814998626708984,2324600
2011-05-16,43.56999969482422,43.994998931884766,42.89500045776367,43.040000915527344,2701200
2011-05-17,42.869998931884766,44.04999923706055,42.60499954223633,43.95500183105469,3980400
2011-05-18,44.28499984741211,45.2400016784668,44.20500183105469,44.97999954223633,3363400
2011-05-19,45.06999969482422,45.154998779296875,44.1150016784668,44.599998474121094,2099000
2011-05-20,44.70500183105469,45.275001525878906,43.90999984741211,44.84000015258789,2901600
2011-05-23,44.125,44.310001373291016,43.6349983215332,43.814998626708984,2183600
2011-05-24,44.19499969482422,45.04499816894531,43.939998626708984,44.4900016784668,2489400
2011-05-25,44.224998474121094,45.29999923706055,44.10499954223633,45.05500030517578,2230200
2011-05-26,44.85499954223633,45.5,44.70500183105469,45.39500045776367,2260200
2011-05-27,46.02000045776367,46.2400016784668,45.55500030517578,46.19499969482422,3533800
2011-05-31,46.8650016784668,47.005001068115234,46.1349983215332,46.599998474121094,3716000
2011-06-01,46.650001525878906,46.89500045776367,45.07500076293945,45.244998931884766,2979600
2011-06-02,45.244998931884766,45.595001220703125,44.540000915527344,45.05500030517578,2105800
2011-06-03,44.48500061035156,45.415000915527344,44.099998474121094,44.81999969482422,2293200
2011-06-06,44.60499954223633,45.11000061035156,43.459999084472656,43.6150016784668,2267200
2011-06-07,44.150001525878906,44.435001373291016,43.54499816894531,43.689998626708984,3252000
2011-06-08,43.73500061035156,44.48500061035156,43.560001373291016,43.70000076293945,1804000
2011-06-09,43.91999816894531,44.474998474121094,43.650001525878906,44.34000015258789,1778000
2011-06-10,43.974998474121094,44.13999938964844,43.310001373291016,43.334999084472656,2106400
2011-06-13,43.5,43.849998474121094,42.064998626708984,42.61000061035156,2368000
2011-06-14,43.14500045776367,43.79999923706055,43.040000915527344,43.45500183105469,2625000
2011-06-15,42.95500183105469,43.18000030517578,41.81999969482422,42.26499938964844,2923400
2011-06-16,42.310001373291016,42.689998626708984,41.25,41.8650016784668,3810600
2011-06-17,42.275001525878906,42.32500076293945,41.459999084472656,41.709999084472656,3327600
2011-06-20,41.494998931884766,42.005001068115234,41.29999923706055,41.779998779296875,2268000
2011-06-21,41.9900016784668,43.064998626708984,41.939998626708984,42.92499923706055,2551600
2011-06-22,42.82500076293945,43.51499938964844,42.70000076293945,42.73500061035156,2137000
2011-06-23,41.98500061035156,42.88999938964844,41.349998474121094,42.814998626708984,3069200
2011-06-24,42.65999984741211,42.96500015258789,42.36000061035156,42.65999984741211,3582000
2011-06-27,42.459999084472656,43.005001068115234,42.26499938964844,42.849998474121094,1712400
2011-06-28,43.125,44.349998474121094,43.02000045776367,44.34000015258789,2999200
2011-06-29,44.40999984741211,45.279998779296875,44.064998626708984,44.67499923706055,3005000
2011-06-30,44.79999923706055,45.095001220703125,44.400001525878906,44.814998626708984,3659600
2011-07-01,44.82500076293945,45.244998931884766,44.28499984741211,45.18000030517578,2183400
2011-07-05,45.18000030517578,46.03499984741211,45.04499816894531,45.650001525878906,3041800
2011-07-06,45.59000015258789,45.6349983215332,44.94499969482422,45.380001068115234,1458400
2011-07-07,46.10499954223633,46.29999923706055,45.48500061035156,46.0099983215332,2091600
2011-07-08,45.275001525878906,45.994998931884766,45.20500183105469,45.71500015258789,2269800
2011-07-11,44.89500045776367,45.150001525878906,44.40999984741211,44.630001068115234,1832600
2011-07-12,44.48500061035156,45.255001068115234,44.48500061035156,44.744998931884766,2041600
2011-07-13,44.994998931884766,45.75,44.8849983215332,45.185001373291016,1892600
2011-07-14,45.435001373291016,45.70000076293945,44.8650016784668,44.92499923706055,2176400
2011-07-15,45.4900016784668,46.540000915527344,45.380001068115234,46.494998931884766,3806400
2011-07-18,46.26499938964844,46.3849983215332,45.59000015258789,46.025001525878906,2030400
2011-07-19,46.35499954223633,47.08000183105469,46.22999954223633,47.04999923706055,2202600
2011-07-20,47.2599983215332,47.290000915527344,46.80500030517578,47.04999923706055,2335200
2011-07-21,47.345001220703125,48.709999084472656,47.27000045776367,48.435001373291016,3242800
2011-07-22,48.404998779296875,48.79999923706055,47.88999938964844,48.78499984741211,2010800
2011-07-25,48.224998474121094,49.23500061035156,48.01499938964844,48.814998626708984,2399400
2011-07-26,48.72999954223633,49.310001373291016,48.345001220703125,48.73500061035156,2740600
2011-07-27,48.42499923706055,48.48500061035156,47.45000076293945,47.665000915527344,3121600
2011-07-28,47.44499969482422,50.20500183105469,47.165000915527344,49.505001068115234,5642800
2011-07-29,48.790000915527344,50.22999954223633,48.08000183105469,49.84000015258789,6035200
2011-08-01,50.52000045776367,50.6349983215332,49.13999938964844,49.810001373291016,3240600
2011-08-02,49.439998626708984,50.099998474121094,48.099998474121094,48.1150016784668,3364600
2011-08-03,48.1150016784668,48.404998779296875,46.88999938964844,48.03499984741211,3801000
2011-08-04,47.23500061035156,47.23500061035156,44.29499816894531,44.38999938964844,5840000
2011-08-05,45.13999938964844,45.654998779296875,42.73500061035156,44.525001525878906,6057800
2011-08-08,43.290000915527344,43.61000061035156,41.095001220703125,41.22999954223633,5663000
2011-08-09,42.04999923706055,43.345001220703125,40.38999938964844,43.255001068115234,5757800
2011-08-10,42.220001220703125,43.525001525878906,41.2599983215332,41.55500030517578,4656400
2011-08-11,42.19499969482422,44.369998931884766,41.459999084472656,43.724998474121094,4872600
2011-08-12,44.33000183105469,44.47999954223633,43.345001220703125,43.724998474121094,2692400
2011-08-15,44.06999969482422,45.345001220703125,44.06999969482422,44.92499923706055,2504200
2011-08-16,44.30500030517578,44.8650016784668,43.369998931884766,43.95000076293945,2311600
2011-08-17,44.29499816894531,45.334999084472656,43.744998931884766,43.970001220703125,2275400
2011-08-18,42.8650016784668,42.959999084472656,40.8849983215332,41.51499938964844,5184600
2011-08-19,40.95500183105469,42.185001373291016,40.54999923706055,40.619998931884766,3825200
2011-08-22,41.5,41.935001373291016,39.56999969482422,39.75,3872400
2011-08-23,40.07500076293945,41.75,39.66999816894531,41.724998474121094,3390400
2011-08-24,41.45000076293945,41.98500061035156,41.099998474121094,41.915000915527344,1967800
2011-08-25,42.14500045776367,42.57500076293945,40.654998779296875,40.88999938964844,4544600
2011-08-26,40.48500061035156,41.40999984741211,39.5,41.22999954223633,3691000
2011-08-29,41.939998626708984,42.529998779296875,41.76499938964844,42.494998931884766,3083400
2011-08-30,42.185001373291016,43.724998474121094,41.98500061035156,43.42499923706055,3806400
2011-08-31,43.82500076293945,44.57500076293945,43.625,44.18000030517578,4951400
2011-09-01,44.494998931884766,45.21500015258789,43.665000915527344,43.78499984741211,3755400
2011-09-02,42.65999984741211,43.30500030517578,42.20500183105469,42.98500061035156,2778600
2011-09-06,41.34000015258789,42.31999969482422,40.65999984741211,42.25,3490600
2011-09-07,42.915000915527344,43.494998931884766,42.64500045776367,42.98500061035156,3318800
2011-09-08,42.689998626708984,43.19499969482422,41.849998474121094,42.154998779296875,5078000
2011-09-09,41.66999816894531,42.02000045776367,40.529998779296875,40.970001220703125,3778400
2011-09-12,40.3650016784668,41.1349983215332,39.025001525878906,40.29499816894531,5591400
2011-09-13,40.47999954223633,40.720001220703125,39.79499816894531,40.26499938964844,3999000
2011-09-14,40.470001220703125,41.224998474121094,39.625,40.60499954223633,3677200
2011-09-15,41.119998931884766,41.310001373291016,40.4900016784668,41.2400016784668,3090000
2011-09-16,41.47999954223633,41.525001525878906,40.56999969482422,40.935001373291016,4457400
2011-09-19,40.095001220703125,40.22999954223633,39.224998474121094,39.7400016784668,4934000
2011-09-20,40.63999938964844,41.91999816894531,40.43000030517578,40.67499923706055,5608600
2011-09-21,40.57500076293945,40.57500076293945,38.53499984741211,38.54499816894531,6761200
2011-09-22,36.97999954223633,36.97999954223633,34.625,35.560001373291016,8533000
2011-09-23,35.209999084472656,36.1349983215332,34.97999954223633,35.125,4209600
2011-09-26,35.279998779296875,36.494998931884766,34.9900016784668,36.46500015258789,4361200
2011-09-27,37.38999938964844,38.220001220703125,37.14500045776367,37.3650016784668,4925200
2011-09-28,37.30500030517578,37.48500061035156,35.6150016784668,35.69499969482422,3161800
2011-09-29,36.88999938964844,36.900001525878906,35.505001068115234,36.38999938964844,3514800
2011-09-30,35.72999954223633,36.32500076293945,35.244998931884766,35.400001525878906,4280400
2011-10-03,34.94499969482422,35.66999816894531,34.28499984741211,34.28499984741211,4485600
2011-10-04,33.58000183105469,36.30500030517578,32.95500183105469,36.22999954223633,5800000
2011-10-05,36.42499923706055,37.22999954223633,35.55500030517578,37.040000915527344,4411200
2011-10-06,36.790000915527344,38.650001525878906,36.5,38.255001068115234,3769600
2011-10-07,38.349998474121094,38.46500015258789,37.16999816894531,37.63999938964844,3837200
2011-10-10,38.48500061035156,39.3650016784668,38.48500061035156,39.3650016784668,2626400
2011-10-11,39.154998779296875,40.595001220703125,39.150001525878906,40.27000045776367,4467800
2011-10-12,40.685001373291016,41.525001525878906,40.224998474121094,40.70500183105469,3716400
2011-10-13,40.334999084472656,40.71500015258789,39.459999084472656,40.54999923706055,2773200
2011-10-14,41.42499923706055,41.90999984741211,41.06999969482422,41.81999969482422,2666400
2011-10-17,41.650001525878906,41.834999084472656,40.595001220703125,40.744998931884766,3928000
2011-10-18,40.54999923706055,42.060001373291016,39.7599983215332,41.83000183105469,4207200
2011-10-19,41.599998474121094,43.060001373291016,41.23500061035156,42.06999969482422,4966000
2011-10-20,42.02000045776367,43.630001068115234,41.83000183105469,43.404998779296875,6229200
2011-10-21,43.85499954223633,45.05500030517578,43.529998779296875,45.03499984741211,5205000
2011-10-24,45.5,45.66999816894531,44.63999938964844,45.165000915527344,4185600
2011-10-25,44.84000015258789,44.869998931884766,43.334999084472656,43.625,3191400
2011-10-26,44.51499938964844,44.68000030517578,43.04499816894531,44.39500045776367,2587800
2011-10-27,45.439998626708984,47.439998626708984,45.439998626708984,46.8650016784668,4707200
2011-10-28,46.44499969482422,47.18000030517578,46.35499954223633,46.85499954223633,2364400
2011-10-31,46.244998931884766,46.244998931884766,44.650001525878906,44.66999816894531,3181000
2011-11-01,43.220001220703125,43.290000915527344,42.16999816894531,42.494998931884766,5217200
2011-11-02,43.505001068115234,44.310001373291016,42.93000030517578,44.224998474121094,3411400
2011-11-03,44.79999923706055,45.79999923706055,43.95500183105469,45.65999984741211,2982400
2011-11-04,45.26499938964844,45.685001373291016,44.60499954223633,45.54999923706055,2175600
2011-11-07,45.494998931884766,45.92499923706055,44.79999923706055,45.60499954223633,1756000
2011-11-08,45.8849983215332,46.7400016784668,45.5099983215332,46.650001525878906,2526000
2011-11-09,45.220001220703125,45.2599983215332,44.255001068115234,44.334999084472656,3462800
2011-11-10,45.08000183105469,46.51499938964844,44.625,46.35499954223633,4263000
2011-11-11,46.86000061035156,47.75,46.77000045776367,47.375,2834200
2011-11-14,47.13999938964844,47.75,46.95500183105469,47.41999816894531,3108600
2011-11-15,47.404998779296875,47.83000183105469,46.369998931884766,47.224998474121094,3877000
2011-11-16,46.98500061035156,48.39500045776367,46.79999923706055,47.33000183105469,4009000
2011-11-17,47.06999969482422,47.92499923706055,45.959999084472656,46.43000030517578,4241400
2011-11-18,46.959999084472656,47.33000183105469,45.80500030517578,46.27000045776367,2628400
2011-11-21,45.630001068115234,45.80500030517578,43.709999084472656,44.939998626708984,3532400
2011-11-22,44.72999954223633,45.845001220703125,44.185001373291016,45.185001373291016,3506800
2011-11-23,44.40999984741211,44.55500030517578,43.20500183105469,43.494998931884766,3021400
2011-11-25,43.48500061035156,43.900001525878906,43.060001373291016,43.099998474121094,730800
2011-11-28,44.82500076293945,46.220001220703125,44.79999923706055,45.724998474121094,3147800
2011-11-29,46.099998474121094,46.93000030517578,45.5,45.994998931884766,4308000
2011-11-30,47.994998931884766,49.27000045776367,47.494998931884766,49.19499969482422,4864000
2011-12-01,48.959999084472656,49.494998931884766,48.654998779296875,48.79999923706055,2141600
2011-12-02,49.435001373291016,49.54999923706055,48.51499938964844,48.665000915527344,2612000
2011-12-05,49.39500045776367,49.52000045776367,48.48500061035156,49.005001068115234,2682000
2011-12-06,49.064998626708984,49.584999084472656,48.650001525878906,49.189998626708984,2277000
2011-12-07,48.915000915527344,48.974998474121094,47.5099983215332,48.040000915527344,3594400
2011-12-08,47.80500030517578,48.04999923706055,46.435001373291016,46.584999084472656,2170800
2011-12-09,47.04999923706055,47.900001525878906,47.04999923706055,47.76499938964844,2554000
2011-12-12,47.130001068115234,47.19499969482422,45.564998626708984,46.1349983215332,2389800
2011-12-13,46.415000915527344,47.13999938964844,45.25,45.72999954223633,2443400
2011-12-14,45.19499969482422,45.290000915527344,43.8650016784668,44.255001068115234,3025600
2011-12-15,45.0099983215332,45.314998626708984,44.27000045776367,44.529998779296875,2741000
2011-12-16,44.95000076293945,45.57500076293945,44.59000015258789,45.029998779296875,2820200
2011-12-19,45.29999923706055,45.29999923706055,43.7599983215332,43.88999938964844,1944000
2011-12-20,45.06999969482422,46.47999954223633,45.05500030517578,46.404998779296875,2717000
2011-12-21,46.78499984741211,47.724998474121094,46.33000183105469,47.279998779296875,2996200
2011-12-22,47.29499816894531,47.69499969482422,46.71500015258789,47.404998779296875,2261200
2011-12-23,47.63999938964844,48.06999969482422,47.150001525878906,47.689998626708984,1288400
2011-12-27,47.57500076293945,48.099998474121094,47.3849983215332,47.81999969482422,1037800
2011-12-28,48.3849983215332,48.494998931884766,46.93000030517578,47.0099983215332,3850800
2011-12-29,47.23500061035156,48.290000915527344,47.18000030517578,48.01499938964844,2553400
2011-12-30,47.849998474121094,47.994998931884766,47.1150016784668,47.19499969482422,2015200
2012-01-03,48.435001373291016,49.189998626708984,48.25,48.880001068115234,2494400
2012-01-04,48.68000030517578,49.349998474121094,48.17499923706055,49.290000915527344,2322200
2012-01-05,48.77000045776367,49.095001220703125,48.5,48.75,2637400
2012-01-06,48.775001525878906,48.775001525878906,48.04999923706055,48.36000061035156,1468000
2012-01-09,48.5,49.349998474121094,48.3650016784668,49.165000915527344,1923000
2012-01-10,49.915000915527344,49.9900016784668,48.85499954223633,49.3650016784668,2553800
2012-01-11,49.025001525878906,49.11000061035156,48.470001220703125,48.744998931884766,2448200
2012-01-12,48.70500183105469,48.75,47.540000915527344,47.6150016784668,2422600
2012-01-13,47.244998931884766,47.98500061035156,47.02000045776367,47.95500183105469,2287400
2012-01-17,48.58000183105469,48.70500183105469,47.36000061035156,47.93000030517578,2526200
2012-01-18,48.040000915527344,48.709999084472656,47.7400016784668,48.69499969482422,1727800
2012-01-19,48.814998626708984,49.5099983215332,48.599998474121094,48.744998931884766,2593000
2012-01-20,48.65999984741211,48.80500030517578,47.76499938964844,48.15999984741211,1951000
2012-01-23,48.25,51.28499984741211,48.25,51.10499954223633,5663800
2012-01-24,50.595001220703125,50.875,49.97999954223633,50.22999954223633,2372000
2012-01-25,50.0,51.25,49.40999984741211,51.05500030517578,2885800
2012-01-26,51.290000915527344,51.58000183105469,49.71500015258789,50.04499816894531,2521600
2012-01-27,49.9900016784668,50.79499816894531,49.709999084472656,50.25,2459800
2012-01-30,49.78499984741211,50.68000030517578,49.45000076293945,50.6150016784668,2277800
2012-01-31,50.9900016784668,51.23500061035156,50.20500183105469,50.334999084472656,2538600
2012-02-01,50.875,51.099998474121094,50.150001525878906,50.90999984741211,1927600
2012-02-02,50.900001525878906,51.599998474121094,50.47999954223633,51.1349983215332,1972800
2012-02-03,51.75,51.95000076293945,51.0099983215332,51.47999954223633,2835000
2012-02-06,51.28499984741211,51.974998474121094,51.0,51.8849983215332,2004600
2012-02-07,51.82500076293945,52.209999084472656,50.23500061035156,51.834999084472656,4616800
2012-02-08,51.79499816894531,52.5,51.689998626708984,52.18000030517578,3418400
2012-02-09,50.82500076293945,52.5,50.744998931884766,51.76499938964844,6153400
2012-02-10,51.06999969482422,51.15999984741211,50.1349983215332,50.57500076293945,4259600
2012-02-13,51.375,51.8849983215332,50.46500015258789,51.875,3870200
2012-02-14,51.67499923706055,52.11000061035156,51.44499969482422,51.994998931884766,2808600
2012-02-15,52.08000183105469,52.540000915527344,51.41999816894531,51.654998779296875,3065600
2012-02-16,51.650001525878906,52.06999969482422,51.04999923706055,51.83000183105469,2256600
2012-02-17,52.165000915527344,52.72999954223633,51.525001525878906,52.005001068115234,2494800
2012-02-21,52.435001373291016,52.58000183105469,51.04999923706055,51.59000015258789,2558800
2012-02-22,51.4900016784668,52.3650016784668,51.41999816894531,51.7400016784668,2141800
2012-02-23,51.709999084472656,52.29999923706055,51.11000061035156,52.2400016784668,2174800
2012-02-24,52.314998626708984,52.54499816894531,52.029998779296875,52.28499984741211,2015000
2012-02-27,51.93000030517578,52.185001373291016,51.31999969482422,51.33000183105469,2235800
2012-02-28,51.46500015258789,52.04499816894531,51.025001525878906,51.2400016784668,2302400
2012-02-29,51.26499938964844,51.349998474121094,48.75,48.82500076293945,5784200
2012-03-01,48.959999084472656,49.040000915527344,47.14500045776367,47.96500015258789,7980600
2012-03-02,47.790000915527344,48.38999938964844,47.01499938964844,47.2400016784668,4220600
2012-03-05,46.900001525878906,48.375,46.78499984741211,48.275001525878906,3818200
2012-03-06,47.33000183105469,47.650001525878906,46.95000076293945,47.375,2699400
2012-03-07,47.27000045776367,47.875,47.11000061035156,47.70000076293945,1564200
2012-03-08,48.130001068115234,48.25,47.345001220703125,47.724998474121094,1805800
2012-03-09,47.93000030517578,48.80500030517578,47.849998474121094,48.26499938964844,2827400
2012-03-12,48.22999954223633,48.22999954223633,47.5099983215332,48.03499984741211,2013600
2012-03-13,48.224998474121094,48.845001220703125,47.814998626708984,48.775001525878906,3140600
2012-03-14,48.849998474121094,49.845001220703125,48.78499984741211,49.11000061035156,3433200
2012-03-15,50.1349983215332,50.45000076293945,49.435001373291016,49.529998779296875,3675800
2012-03-16,49.6349983215332,50.2599983215332,49.60499954223633,49.845001220703125,3643200
2012-03-19,50.02000045776367,50.26499938964844,49.345001220703125,50.06999969482422,1666800
2012-03-20,49.494998931884766,49.60499954223633,49.0,49.349998474121094,2352400
2012-03-21,49.654998779296875,49.77000045776367,48.79999923706055,49.6349983215332,3433000
2012-03-22,49.02000045776367,49.02000045776367,47.470001220703125,47.64500045776367,2833400
2012-03-23,47.650001525878906,48.42499923706055,47.40999984741211,48.18000030517578,2023600
2012-03-26,48.76499938964844,49.744998931884766,48.744998931884766,49.525001525878906,3412600
2012-03-27,49.61000061035156,49.75,49.0099983215332,49.22999954223633,2015200
2012-03-28,48.93000030517578,49.084999084472656,48.540000915527344,48.91999816894531,2380400
2012-03-29,48.415000915527344,49.16999816894531,48.25,49.084999084472656,2199200
2012-03-30,49.349998474121094,49.744998931884766,48.814998626708984,48.88999938964844,2166400
2012-04-02,48.84000015258789,50.4900016784668,48.665000915527344,50.130001068115234,2497800
2012-04-03,49.93000030517578,49.98500061035156,49.04499816894531,49.45500183105469,2624000
2012-04-04,48.814998626708984,49.04999923706055,47.970001220703125,48.54999923706055,1969200
2012-04-05,48.36000061035156,48.875,48.005001068115234,48.255001068115234,1693400
2012-04-09,47.439998626708984,48.119998931884766,47.290000915527344,47.875,1541000
2012-04-10,47.84000015258789,47.84000015258789,46.404998779296875,46.58000183105469,2701600
2012-04-11,47.029998779296875,47.400001525878906,46.130001068115234,46.224998474121094,2407000
2012-04-12,46.334999084472656,47.5,46.22999954223633,47.40999984741211,1993400
2012-04-13,47.375,47.689998626708984,46.994998931884766,47.22999954223633,2193600
2012-04-16,47.3650016784668,47.59000015258789,46.3650016784668,46.85499954223633,1711000
2012-04-17,47.439998626708984,47.80500030517578,47.14500045776367,47.375,1850800
2012-04-18,46.96500015258789,47.30500030517578,46.689998626708984,46.95000076293945,1748800
2012-04-19,47.11000061035156,47.439998626708984,46.560001373291016,46.8650016784668,1582000
2012-04-20,46.970001220703125,47.38999938964844,46.57500076293945,46.814998626708984,2867400
2012-04-23,46.040000915527344,46.994998931884766,45.880001068115234,46.91999816894531,2197000
2012-04-24,47.025001525878906,47.28499984741211,46.6150016784668,46.9900016784668,2106400
2012-04-25,47.53499984741211,48.09000015258789,47.255001068115234,47.8650016784668,2891000
2012-04-26,47.935001373291016,49.875,47.650001525878906,49.6349983215332,3365600
2012-04-27,49.76499938964844,50.165000915527344,49.41999816894531,50.025001525878906,2099800
2012-04-30,50.04999923706055,50.04999923706055,49.220001220703125,49.65999984741211,2200000
2012-05-01,49.915000915527344,50.375,49.31999969482422,49.94499969482422,2320000
2012-05-02,49.525001525878906,49.64500045776367,48.95000076293945,49.23500061035156,1994800
2012-05-03,49.42499923706055,49.599998474121094,48.22999954223633,48.45500183105469,2782400
2012-05-04,48.05500030517578,48.13999938964844,47.05500030517578,47.51499938964844,2490400
2012-05-07,47.29499816894531,47.525001525878906,46.775001525878906,47.0099983215332,2119000
2012-05-08,46.720001220703125,46.790000915527344,45.060001373291016,45.8650016784668,4489600
2012-05-09,45.1349983215332,45.70000076293945,44.654998779296875,45.064998626708984,3665000
2012-05-10,45.57500076293945,45.935001373291016,44.974998474121094,45.084999084472656,3127000
2012-05-11,45.04499816894531,45.31999969482422,44.48500061035156,44.595001220703125,1791800
2012-05-14,43.93000030517578,44.0099983215332,43.349998474121094,43.43000030517578,2282200
2012-05-15,43.43000030517578,43.75,42.34000015258789,42.5,2555600
2012-05-16,42.65999984741211,43.345001220703125,41.880001068115234,41.90999984741211,2372000
2012-05-17,41.85499954223633,42.13999938964844,41.22999954223633,41.22999954223633,2398000
2012-05-18,41.42499923706055,41.834999084472656,40.75,40.92499923706055,2507800
2012-05-21,41.11000061035156,42.404998779296875,41.01499938964844,42.380001068115234,2555200
2012-05-22,42.334999084472656,42.80500030517578,41.939998626708984,42.25,3050200
2012-05-23,41.79499816894531,42.474998474121094,40.94499969482422,42.35499954223633,2309000
2012-05-24,42.54999923706055,42.57500076293945,41.54499816894531,42.17499923706055,1644000
2012-05-25,42.27000045776367,42.55500030517578,41.82500076293945,41.970001220703125,1762800
2012-05-29,42.35499954223633,43.255001068115234,42.314998626708984,43.10499954223633,2454400
2012-05-30,42.470001220703125,42.474998474121094,41.59000015258789,42.02000045776367,2388000
2012-05-31,42.08000183105469,42.529998779296875,40.79999923706055,42.22999954223633,3209400
2012-06-01,41.31999969482422,41.33000183105469,40.125,40.474998474121094,3912800
2012-06-04,40.68000030517578,40.845001220703125,39.97999954223633,40.65999984741211,3386400
2012-06-05,40.5,41.39500045776367,40.400001525878906,41.244998931884766,2489200
2012-06-06,41.97999954223633,42.7400016784668,41.724998474121094,42.724998474121094,2616200
2012-06-07,43.334999084472656,43.56999969482422,42.189998626708984,42.314998626708984,2876000
2012-06-08,41.82500076293945,42.52000045776367,41.415000915527344,42.439998626708984,1779200
2012-06-11,42.79999923706055,42.90999984741211,41.53499984741211,41.595001220703125,1997000
2012-06-12,41.939998626708984,42.29999923706055,41.36000061035156,42.08000183105469,1992200
2012-06-13,41.83000183105469,42.185001373291016,40.915000915527344,41.209999084472656,2552400
2012-06-14,41.26499938964844,41.744998931884766,40.77000045776367,41.4900016784668,2734400
2012-06-15,41.625,42.154998779296875,41.220001220703125,42.119998931884766,3057800
2012-06-18,41.82500076293945,41.82500076293945,41.23500061035156,41.40999984741211,2369200
2012-06-19,41.650001525878906,42.439998626708984,41.494998931884766,42.165000915527344,1373200
2012-06-20,42.07500076293945,42.38999938964844,40.98500061035156,41.32500076293945,2360600
2012-06-21,41.459999084472656,41.459999084472656,39.64500045776367,39.69499969482422,3390000
2012-06-22,40.025001525878906,40.16999816894531,39.39500045776367,39.875,2815200
2012-06-25,39.25,39.38999938964844,38.415000915527344,38.79499816894531,2675800
2012-06-26,38.79999923706055,39.400001525878906,38.529998779296875,39.255001068115234,2342600
2012-06-27,39.375,40.459999084472656,39.290000915527344,40.34000015258789,2777000
2012-06-28,39.814998626708984,40.81999969482422,39.75,40.630001068115234,2800000
2012-06-29,41.619998931884766,42.40999984741211,41.38999938964844,42.40999984741211,3971000
2012-07-02,42.5,42.560001373291016,41.57500076293945,42.060001373291016,2096600
2012-07-03,42.43000030517578,44.07500076293945,42.33000183105469,44.04999923706055,1827600
2012-07-05,43.625,43.76499938964844,42.83000183105469,43.125,2454200
2012-07-06,42.45500183105469,42.875,42.165000915527344,42.54999923706055,1906800
2012-07-09,42.38999938964844,42.82500076293945,42.1349983215332,42.439998626708984,1442200
2012-07-10,42.875,42.935001373291016,41.279998779296875,41.529998779296875,2054000
2012-07-11,41.68000030517578,42.650001525878906,41.54999923706055,42.435001373291016,2079400
2012-07-12,41.98500061035156,42.189998626708984,41.165000915527344,41.724998474121094,1988800
2012-07-13,41.904998779296875,42.474998474121094,41.845001220703125,42.400001525878906,1805200
2012-07-16,42.25,43.09000015258789,42.095001220703125,42.744998931884766,2589200
2012-07-17,42.93000030517578,43.25,41.8650016784668,42.73500061035156,2230000
2012-07-18,42.54999923706055,43.334999084472656,42.5,43.095001220703125,2894600
2012-07-19,43.415000915527344,44.334999084472656,43.185001373291016,44.25,2957000
2012-07-20,43.900001525878906,44.375,43.470001220703125,44.060001373291016,3205800
2012-07-23,42.8849983215332,43.310001373291016,42.70000076293945,42.97999954223633,2027400
2012-07-24,43.03499984741211,43.31999969482422,41.4900016784668,42.1150016784668,2285400
2012-07-25,42.29999923706055,42.529998779296875,41.685001373291016,42.45500183105469,1780000
2012-07-26,42.709999084472656,44.0,42.48500061035156,43.494998931884766,3604800
2012-07-27,43.57500076293945,45.025001525878906,42.91999816894531,44.775001525878906,3698800
2012-07-30,44.939998626708984,45.6150016784668,44.3650016784668,44.54999923706055,3028600
2012-07-31,44.54499816894531,45.290000915527344,43.540000915527344,43.71500015258789,2865200
2012-08-01,43.97999954223633,44.525001525878906,43.334999084472656,44.2599983215332,2485600
2012-08-02,43.21500015258789,43.6349983215332,42.599998474121094,43.07500076293945,1652400
2012-08-03,44.040000915527344,44.279998779296875,43.625,43.849998474121094,1715400
2012-08-06,44.0,44.380001068115234,43.459999084472656,43.685001373291016,2180200
2012-08-07,44.099998474121094,44.900001525878906,44.099998474121094,44.5,2195200
2012-08-08,44.43000030517578,45.02000045776367,44.03499984741211,44.94499969482422,2912800
2012-08-09,44.685001373291016,45.349998474121094,44.4900016784668,44.900001525878906,1600200
2012-08-10,44.599998474121094,45.5099983215332,44.34000015258789,45.45500183105469,2136400
2012-08-13,45.33000183105469,45.42499923706055,44.935001373291016,45.025001525878906,1818800
2012-08-14,45.1349983215332,45.415000915527344,44.64500045776367,44.775001525878906,1293400
2012-08-15,44.53499984741211,44.935001373291016,44.38999938964844,44.70500183105469,2570400
2012-08-16,44.80500030517578,45.40999984741211,44.724998474121094,45.349998474121094,1427200
2012-08-17,45.40999984741211,45.40999984741211,44.78499984741211,44.939998626708984,1424400
2012-08-20,44.8849983215332,44.974998474121094,44.029998779296875,44.32500076293945,1367600
2012-08-21,44.59000015258789,44.7400016784668,43.904998779296875,43.974998474121094,1561600
2012-08-22,43.95500183105469,44.35499954223633,43.790000915527344,44.22999954223633,1767400
2012-08-23,44.15999984741211,44.29999923706055,43.2400016784668,43.29999923706055,1482200
2012-08-24,43.10499954223633,43.790000915527344,43.0,43.6349983215332,1655800
2012-08-27,43.755001068115234,43.88999938964844,43.310001373291016,43.529998779296875,1633400
2012-08-28,43.48500061035156,43.73500061035156,43.25,43.654998779296875,2117400
2012-08-29,43.755001068115234,43.95500183105469,43.35499954223633,43.630001068115234,1388400
2012-08-30,43.2599983215332,43.880001068115234,43.150001525878906,43.494998931884766,1785200
2012-08-31,43.93000030517578,44.19499969482422,43.474998474121094,43.95000076293945,1623800
2012-09-04,43.560001373291016,43.76499938964844,43.16999816894531,43.3650016784668,1907600
2012-09-05,43.3650016784668,43.540000915527344,42.974998474121094,43.099998474121094,1670200
2012-09-06,43.595001220703125,45.025001525878906,43.54499816894531,44.685001373291016,2204800
2012-09-07,44.53499984741211,45.79499816894531,44.474998474121094,45.75,2132800
2012-09-10,45.79999923706055,47.04999923706055,45.6349983215332,46.55500030517578,4480200
2012-09-11,46.630001068115234,47.09000015258789,46.55500030517578,46.970001220703125,2437000
2012-09-12,47.22999954223633,47.375,46.775001525878906,46.915000915527344,1421200
2012-09-13,46.8650016784668,48.23500061035156,46.630001068115234,47.849998474121094,1336600
2012-09-14,48.029998779296875,48.79999923706055,48.02000045776367,48.3849983215332,2544800
2012-09-17,48.23500061035156,48.275001525878906,47.33000183105469,47.525001525878906,2170600
2012-09-18,47.400001525878906,47.560001373291016,46.755001068115234,47.150001525878906,1965800
2012-09-19,47.11000061035156,47.224998474121094,46.560001373291016,46.689998626708984,1610600
2012-09-20,46.3849983215332,46.84000015258789,45.810001373291016,46.61000061035156,2034600
2012-09-21,47.005001068115234,47.14500045776367,46.415000915527344,46.6349983215332,2403000
2012-09-24,46.375,46.61000061035156,46.220001220703125,46.375,1431200
2012-09-25,46.58000183105469,46.904998779296875,45.959999084472656,45.970001220703125,1503800
2012-09-26,45.845001220703125,46.04999923706055,45.439998626708984,45.59000015258789,1665600
2012-09-27,45.904998779296875,46.69499969482422,45.814998626708984,46.55500030517578,1427400
2012-09-28,46.20500183105469,46.59000015258789,46.02000045776367,46.35499954223633,1656600
2012-10-01,45.529998779296875,46.79999923706055,45.529998779296875,46.1150016784668,2284600
2012-10-02,46.560001373291016,47.005001068115234,46.025001525878906,46.939998626708984,2280200
2012-10-03,46.974998474121094,47.07500076293945,46.10499954223633,46.39500045776367,1795800
2012-10-04,46.584999084472656,46.94499969482422,46.220001220703125,46.42499923706055,1702400
2012-10-05,46.619998931884766,46.81999969482422,46.244998931884766,46.689998626708984,2937000
2012-10-08,46.334999084472656,47.20000076293945,46.255001068115234,47.150001525878906,2172600
2012-10-09,47.275001525878906,47.584999084472656,46.91999816894531,47.185001373291016,1808200
2012-10-10,47.150001525878906,47.75,46.95000076293945,47.05500030517578,2149200
2012-10-11,47.26499938964844,47.375,46.505001068115234,46.64500045776367,2661400
2012-10-12,46.59000015258789,47.0,46.3650016784668,46.88999938964844,1941400
2012-10-15,47.0,47.0,46.25,46.8849983215332,1428200
2012-10-16,47.0,47.70500183105469,46.8849983215332,47.345001220703125,1408000
2012-10-17,47.55500030517578,48.19499969482422,47.380001068115234,48.06999969482422,1436200
2012-10-18,47.90999984741211,48.380001068115234,47.77000045776367,48.25,1700000
2012-10-19,48.125,48.224998474121094,47.04499816894531,47.119998931884766,1607600
2012-10-22,46.72999954223633,48.119998931884766,46.52000045776367,47.1349983215332,2539600
2012-10-23,46.224998474121094,46.33000183105469,45.505001068115234,45.755001068115234,1928400
2012-10-24,46.13999938964844,46.13999938964844,45.0,45.09000015258789,2251600
2012-10-25,45.25,46.470001220703125,45.0099983215332,46.435001373291016,3072200
2012-10-26,46.3650016784668,47.70000076293945,46.26499938964844,47.224998474121094,2640600
2012-10-31,46.65999984741211,47.67499923706055,46.65999984741211,47.505001068115234,2931600
2012-11-01,47.5,47.72999954223633,46.810001373291016,47.70000076293945,1937400
2012-11-02,47.80500030517578,48.08000183105469,47.35499954223633,47.5,1790000
2012-11-05,47.505001068115234,47.93000030517578,47.04499816894531,47.84000015258789,1411800
2012-11-06,48.099998474121094,48.54999923706055,47.755001068115234,48.35499954223633,2437600
2012-11-07,47.709999084472656,47.76499938964844,47.099998474121094,47.5,1958800
2012-11-08,47.5,47.85499954223633,47.29499816894531,47.3650016784668,3182200
2012-11-09,47.290000915527344,47.974998474121094,47.2400016784668,47.505001068115234,1729200
2012-11-12,47.625,47.650001525878906,47.2400016784668,47.5,1261800
2012-11-13,47.01499938964844,47.8650016784668,46.974998474121094,47.5,1584200
2012-11-14,47.64500045776367,47.64500045776367,46.79999923706055,47.25,2196400
2012-11-15,47.29499816894531,47.60499954223633,45.93000030517578,46.290000915527344,4447200
2012-11-16,46.564998626708984,46.7599983215332,45.60499954223633,45.939998626708984,4724800
2012-11-19,46.54499816894531,47.25,46.525001525878906,46.915000915527344,2353000
2012-11-20,47.1150016784668,47.92499923706055,46.875,47.400001525878906,2835000
2012-11-21,47.625,47.904998779296875,47.255001068115234,47.654998779296875,2042400
2012-11-23,47.79999923706055,48.310001373291016,47.56999969482422,48.275001525878906,1006400
2012-11-26,48.095001220703125,48.369998931884766,47.525001525878906,48.32500076293945,2769200
2012-11-27,48.04499816894531,48.415000915527344,47.63999938964844,48.095001220703125,2018200
2012-11-28,47.5,48.52000045776367,47.23500061035156,48.47999954223633,1631800
2012-11-29,48.75,49.28499984741211,48.654998779296875,48.900001525878906,2375800
2012-11-30,48.994998931884766,49.2599983215332,48.619998931884766,48.875,2150800
2012-12-03,49.415000915527344,49.5,48.07500076293945,48.1349983215332,2710200
2012-12-04,48.0,48.30500030517578,47.755001068115234,47.974998474121094,1340000
2012-12-05,48.220001220703125,48.630001068115234,47.76499938964844,48.02000045776367,2715200
2012-12-06,48.2599983215332,49.685001373291016,48.2599983215332,49.665000915527344,4513600
2012-12-07,49.790000915527344,50.845001220703125,49.44499969482422,50.724998474121094,3007400
2012-12-10,51.279998779296875,51.279998779296875,50.064998626708984,50.20000076293945,2142200
2012-12-11,50.34000015258789,50.67499923706055,50.29499816894531,50.540000915527344,1623600
2012-12-12,50.70500183105469,51.14500045776367,50.26499938964844,50.90999984741211,1959600
2012-12-13,50.720001220703125,50.875,49.52000045776367,49.650001525878906,1907000
2012-12-14,49.71500015258789,50.029998779296875,49.380001068115234,50.0099983215332,2413200
2012-12-17,50.130001068115234,50.709999084472656,49.81999969482422,50.29999923706055,2136000
2012-12-18,50.255001068115234,51.540000915527344,50.05500030517578,51.404998779296875,2011600
2012-12-19,51.314998626708984,51.404998779296875,50.720001220703125,50.85499954223633,1431000
2012-12-20,50.810001373291016,51.349998474121094,50.56999969482422,51.349998474121094,1626400
2012-12-21,50.70500183105469,51.46500015258789,50.584999084472656,51.28499984741211,2558800
2012-12-24,51.05500030517578,51.28499984741211,50.77000045776367,50.81999969482422,504200
2012-12-26,51.02000045776367,51.400001525878906,50.35499954223633,50.47999954223633,939800
2012-12-27,50.47999954223633,50.689998626708984,49.915000915527344,50.345001220703125,999000
2012-12-28,50.244998931884766,50.45000076293945,49.415000915527344,49.45500183105469,1652400
2012-12-31,49.38999938964844,50.939998626708984,49.33000183105469,50.869998931884766,1693000
2013-01-02,51.71500015258789,51.90999984741211,50.93000030517578,51.625,1560200
2013-01-03,51.46500015258789,52.119998931884766,51.165000915527344,51.619998931884766,1424800
2013-01-04,51.61000061035156,52.48500061035156,51.61000061035156,52.45000076293945,1511800
2013-01-07,52.220001220703125,52.60499954223633,51.915000915527344,52.54499816894531,1605000
2013-01-08,52.08000183105469,52.08000183105469,51.42499923706055,52.029998779296875,2363400
2013-01-09,52.32500076293945,52.36000061035156,51.64500045776367,51.91999816894531,1713400
2013-01-10,52.310001373291016,52.415000915527344,51.88999938964844,52.29499816894531,1789000
2013-01-11,52.244998931884766,52.790000915527344,52.029998779296875,52.78499984741211,1995400
2013-01-14,52.654998779296875,52.95000076293945,52.564998626708984,52.71500015258789,1074800
2013-01-15,52.42499923706055,52.70000076293945,52.084999084472656,52.654998779296875,1121000
2013-01-16,52.53499984741211,53.03499984741211,52.400001525878906,52.875,863800
2013-01-17,53.255001068115234,53.63999938964844,53.025001525878906,53.48500061035156,2209000
2013-01-18,53.5,53.5,52.529998779296875,53.310001373291016,2075600
2013-01-22,53.36000061035156,54.52000045776367,53.17499923706055,54.52000045776367,2059600
2013-01-23,54.33000183105469,54.33000183105469,53.564998626708984,53.654998779296875,1016200
2013-01-24,53.67499923706055,54.380001068115234,53.435001373291016,53.79999923706055,1254400
2013-01-25,53.915000915527344,54.32500076293945,53.58000183105469,54.150001525878906,1094800
2013-01-28,54.314998626708984,54.314998626708984,53.44499969482422,53.779998779296875,1113400
2013-01-29,53.86000061035156,54.709999084472656,53.709999084472656,54.630001068115234,1239800
2013-01-30,54.65999984741211,55.040000915527344,54.02000045776367,54.1150016784668,1475000
2013-01-31,53.95000076293945,54.33000183105469,53.560001373291016,53.89500045776367,1580400
2013-02-01,54.255001068115234,54.689998626708984,53.935001373291016,54.595001220703125,1651400
2013-02-04,54.130001068115234,54.54499816894531,53.86000061035156,54.3849983215332,1312400
2013-02-05,54.75,56.0099983215332,54.69499969482422,55.959999084472656,2702600
2013-02-06,55.494998931884766,56.834999084472656,55.44499969482422,56.78499984741211,2381800
2013-02-07,56.41999816894531,57.189998626708984,55.97999954223633,56.82500076293945,2090800
2013-02-08,56.994998931884766,57.79499816894531,56.70000076293945,57.68000030517578,1981000
2013-02-11,57.474998474121094,57.5099983215332,56.07500076293945,56.375,2435400
2013-02-12,56.099998474121094,56.3650016784668,55.75,56.11000061035156,1759600
2013-02-13,56.21500015258789,56.685001373291016,56.060001373291016,56.1349983215332,1612400
2013-02-14,56.0,56.369998931884766,55.8650016784668,56.07500076293945,1665600
2013-02-15,56.154998779296875,56.22999954223633,55.540000915527344,56.0099983215332,2486800
2013-02-19,56.255001068115234,57.03499984741211,56.255001068115234,56.95000076293945,3757000
2013-02-20,57.0,57.09000015258789,55.625,55.66999816894531,1984800
2013-02-21,55.64500045776367,55.75,54.93000030517578,55.029998779296875,1921600
2013-02-22,55.47999954223633,55.849998474121094,55.095001220703125,55.79499816894531,2272800
2013-02-25,56.0,56.19499969482422,54.209999084472656,54.21500015258789,2519000
2013-02-26,54.67499923706055,54.67499923706055,53.630001068115234,54.39500045776367,1919200
2013-02-27,54.404998779296875,55.31999969482422,54.404998779296875,55.13999938964844,2194800
2013-02-28,55.244998931884766,55.81999969482422,55.005001068115234,55.415000915527344,2033000
2013-03-01,55.07500076293945,55.209999084472656,54.505001068115234,55.02000045776367,1800800
2013-03-04,55.0,55.04499816894531,54.1150016784668,55.03499984741211,1902200
2013-03-05,55.43000030517578,55.625,54.01499938964844,54.67499923706055,4095400
2013-03-06,54.90999984741211,55.1349983215332,54.529998779296875,54.959999084472656,2310600
2013-03-07,55.025001525878906,56.275001525878906,55.02000045776367,56.17499923706055,2319400
2013-03-08,56.404998779296875,56.404998779296875,55.61000061035156,56.244998931884766,2149000
2013-03-11,56.13999938964844,56.720001220703125,55.849998474121094,56.51499938964844,1465600
2013-03-12,56.6150016784668,56.935001373291016,56.25,56.900001525878906,1414200
2013-03-13,56.80500030517578,57.25,56.66999816894531,57.154998779296875,1931400
2013-03-14,57.154998779296875,58.125,57.1150016784668,57.9900016784668,2019800
2013-03-15,57.83000183105469,58.31999969482422,57.709999084472656,58.224998474121094,3561600
2013-03-18,57.5099983215332,58.04999923706055,57.310001373291016,57.82500076293945,2090000
2013-03-19,57.93000030517578,57.96500015258789,56.86000061035156,57.125,1602800
2013-03-20,57.45000076293945,57.82500076293945,56.70500183105469,56.98500061035156,1893000
2013-03-21,56.584999084472656,57.07500076293945,56.19499969482422,56.5,1400000
2013-03-22,56.70500183105469,57.209999084472656,56.584999084472656,57.08000183105469,1660600
2013-03-25,57.349998474121094,57.61000061035156,56.380001068115234,56.595001220703125,1142200
2013-03-26,56.8650016784668,57.900001525878906,56.8650016784668,57.79999923706055,954400
2013-03-27,57.525001525878906,57.83000183105469,57.02000045776367,57.6150016784668,829600
2013-03-28,57.70500183105469,58.224998474121094,57.34000015258789,57.83000183105469,1680400
2013-04-01,58.17499923706055,58.35499954223633,57.29499816894531,58.0,1123400
2013-04-02,57.974998474121094,58.32500076293945,57.654998779296875,57.939998626708984,1546000
2013-04-03,58.29499816894531,58.790000915527344,57.125,57.619998931884766,2142000
2013-04-04,57.834999084472656,58.025001525878906,56.25,56.35499954223633,3610800
2013-04-05,55.48500061035156,56.029998779296875,55.19499969482422,55.78499984741211,3189000
2013-04-08,56.10499954223633,57.834999084472656,56.0099983215332,57.79499816894531,2169400
2013-04-09,57.80500030517578,58.849998474121094,57.540000915527344,58.439998626708984,1466000
2013-04-10,58.720001220703125,58.85499954223633,58.27000045776367,58.33000183105469,1912400
2013-04-11,58.89500045776367,59.2400016784668,58.209999084472656,58.97999954223633,2559600
2013-04-12,58.689998626708984,58.689998626708984,56.63999938964844,56.77000045776367,3300000
2013-04-15,56.29999923706055,56.33000183105469,53.994998931884766,53.994998931884766,2869600
2013-04-16,54.64500045776367,55.32500076293945,53.974998474121094,54.96500015258789,2901600
2013-04-17,54.29499816894531,54.29499816894531,52.94499969482422,53.244998931884766,3027600
2013-04-18,53.439998626708984,54.150001525878906,52.619998931884766,53.80500030517578,2311800
2013-04-19,53.96500015258789,54.09000015258789,52.974998474121094,53.60499954223633,1733600
2013-04-22,53.790000915527344,54.5099983215332,53.165000915527344,54.30500030517578,1593000
2013-04-23,54.625,55.474998474121094,54.42499923706055,55.36000061035156,3011400
2013-04-24,55.57500076293945,56.755001068115234,55.435001373291016,56.310001373291016,2540800
2013-04-25,56.66999816894531,58.189998626708984,56.099998474121094,56.78499984741211,2983000
2013-04-26,56.78499984741211,56.91999816894531,55.31999969482422,55.845001220703125,2445000
2013-04-29,56.275001525878906,56.86000061035156,55.900001525878906,56.52000045776367,1763200
2013-04-30,56.404998779296875,56.900001525878906,56.005001068115234,56.64500045776367,1891200
2013-05-01,56.30500030517578,56.30500030517578,55.060001373291016,55.45500183105469,2399600
2013-05-02,55.51499938964844,55.86000061035156,55.099998474121094,55.40999984741211,2965200
2013-05-03,55.95500183105469,56.64500045776367,55.875,56.53499984741211,3183600
2013-05-06,56.61000061035156,57.095001220703125,56.29499816894531,57.040000915527344,1852200
2013-05-07,57.43000030517578,58.724998474121094,57.43000030517578,58.404998779296875,2694800
2013-05-08,58.404998779296875,58.7400016784668,58.005001068115234,58.71500015258789,2929000
2013-05-09,58.59000015258789,58.900001525878906,57.78499984741211,58.005001068115234,3872800
2013-05-10,57.68000030517578,57.849998474121094,57.064998626708984,57.38999938964844,2393600
2013-05-13,57.189998626708984,57.84000015258789,57.06999969482422,57.82500076293945,1951400
2013-05-14,57.75,58.834999084472656,57.75,58.80500030517578,2163200
2013-05-15,59.26499938964844,59.42499923706055,58.18000030517578,58.994998931884766,3296400
2013-05-16,58.8650016784668,59.16999816894531,58.25,58.90999984741211,2623000
2013-05-17,59.16999816894531,60.68000030517578,59.154998779296875,60.650001525878906,3124200
2013-05-20,60.685001373291016,61.53499984741211,60.619998931884766,61.25,2147400
2013-05-21,61.244998931884766,61.525001525878906,60.55500030517578,60.56999969482422,1745600
2013-05-22,60.970001220703125,61.60499954223633,58.93000030517578,59.53499984741211,3989600
2013-05-23,58.654998779296875,59.404998779296875,58.03499984741211,59.375,2398000
2013-05-24,59.0099983215332,59.084999084472656,57.810001373291016,58.689998626708984,2480200
2013-05-28,59.25,60.13999938964844,58.76499938964844,59.130001068115234,4322200
2013-05-29,58.83000183105469,59.349998474121094,58.27000045776367,59.119998931884766,915400
2013-05-30,59.43000030517578,59.63999938964844,58.459999084472656,59.099998474121094,1228800
2013-05-31,58.79999923706055,59.040000915527344,57.63999938964844,57.650001525878906,1490000
2013-06-03,57.790000915527344,58.83000183105469,57.470001220703125,57.77000045776367,1896500
2013-06-04,57.619998931884766,58.2400016784668,57.15999984741211,57.75,1992000
2013-06-05,57.41999816894531,57.61000061035156,56.70000076293945,56.75,2075300
2013-06-06,56.7599983215332,57.369998931884766,56.2599983215332,57.369998931884766,1332800
2013-06-07,57.79999923706055,58.65999984741211,57.36000061035156,58.61000061035156,1257500
2013-06-10,58.650001525878906,58.70000076293945,57.900001525878906,58.459999084472656,1056900
2013-06-11,57.709999084472656,58.29999923706055,57.16999816894531,57.7599983215332,1528900
2013-06-12,58.33000183105469,58.34000015258789,57.0,57.20000076293945,2094700
2013-06-13,57.16999816894531,58.41999816894531,56.91999816894531,58.34000015258789,1258700
2013-06-14,58.189998626708984,58.52000045776367,57.459999084472656,57.90999984741211,1144500
2013-06-17,58.400001525878906,59.779998779296875,58.400001525878906,59.70000076293945,1933100
2013-06-18,59.66999816894531,60.869998931884766,59.560001373291016,60.689998626708984,1781300
2013-06-19,60.58000183105469,61.61000061035156,60.52000045776367,60.529998779296875,1725500
2013-06-20,59.58000183105469,59.88999938964844,58.47999954223633,58.790000915527344,2310500
2013-06-21,59.16999816894531,59.7400016784668,58.380001068115234,59.439998626708984,2652000
2013-06-24,58.61000061035156,60.209999084472656,57.630001068115234,59.61000061035156,2711900
2013-06-25,60.27000045776367,60.439998626708984,59.25,59.77000045776367,2121700
2013-06-26,60.290000915527344,60.34000015258789,59.0099983215332,60.189998626708984,2021600
2013-06-27,60.900001525878906,61.77000045776367,60.709999084472656,60.880001068115234,2378700
2013-06-28,60.54999923706055,61.130001068115234,60.029998779296875,60.040000915527344,3246700
2013-07-01,60.310001373291016,60.83000183105469,59.849998474121094,59.880001068115234,2464900
2013-07-02,59.9900016784668,61.36000061035156,59.91999816894531,61.040000915527344,1692300
2013-07-03,61.040000915527344,61.689998626708984,60.790000915527344,61.630001068115234,1076200
2013-07-05,62.09000015258789,62.7599983215332,61.470001220703125,62.709999084472656,1189400
2013-07-08,62.72999954223633,62.7400016784668,62.040000915527344,62.290000915527344,2312700
2013-07-09,62.84000015258789,64.05999755859375,62.75,63.86000061035156,1716900
2013-07-10,64.13999938964844,64.5,63.56999969482422,63.75,1882200
2013-07-11,64.37000274658203,64.62000274658203,63.56999969482422,64.52999877929688,1351400
2013-07-12,64.33999633789062,64.44000244140625,63.779998779296875,64.30000305175781,1322400
2013-07-15,64.30000305175781,64.79000091552734,63.5099983215332,63.54999923706055,1567300
2013-07-16,63.7400016784668,64.0,62.7599983215332,63.06999969482422,1299000
2013-07-17,63.20000076293945,64.19999694824219,63.20000076293945,63.86000061035156,1131900
2013-07-18,64.20999908447266,65.81999969482422,64.1500015258789,65.66000366210938,1663500
2013-07-19,65.7699966430664,66.08999633789062,65.08000183105469,66.06999969482422,1476500
2013-07-22,66.01000213623047,66.30000305175781,65.6500015258789,65.97000122070312,1673100
2013-07-23,66.06999969482422,66.11000061035156,65.16999816894531,65.18000030517578,1317400
2013-07-24,65.44000244140625,65.55999755859375,64.12999725341797,64.54000091552734,1359000
2013-07-25,63.0099983215332,64.62000274658203,62.560001373291016,64.37999725341797,2110100
2013-07-26,63.93000030517578,64.26000213623047,63.20000076293945,63.43000030517578,2112100
2013-07-29,62.689998626708984,63.150001525878906,62.0,62.06999969482422,2222600
2013-07-30,62.470001220703125,62.650001525878906,61.779998779296875,62.52000045776367,1656700
2013-07-31,62.849998474121094,63.220001220703125,62.34000015258789,62.4900016784668,2011600
2013-08-01,63.15999984741211,64.5199966430664,63.150001525878906,64.31999969482422,2194800
2013-08-02,64.33999633789062,64.95999908447266,64.12000274658203,64.95999908447266,1620200
2013-08-05,64.77999877929688,65.16000366210938,64.5,64.91999816894531,1390800
2013-08-06,64.91999816894531,64.95999908447266,63.61000061035156,64.13999938964844,1433800
2013-08-07,63.849998474121094,64.04000091552734,63.22999954223633,63.7599983215332,1832400
2013-08-08,63.93000030517578,64.47000122070312,63.13999938964844,63.97999954223633,1567600
2013-08-09,64.05000305175781,64.13999938964844,63.529998779296875,63.83000183105469,838400
2013-08-12,63.5,64.0,63.20000076293945,63.41999816894531,863700
2013-08-13,63.45000076293945,63.90999984741211,62.91999816894531,63.75,984300
2013-08-14,63.689998626708984,63.869998931884766,62.970001220703125,62.97999954223633,1056800
2013-08-15,62.66999816894531,63.31999969482422,62.150001525878906,63.0,888400
2013-08-16,62.5099983215332,63.0099983215332,62.2400016784668,62.650001525878906,1528000
2013-08-19,62.68000030517578,63.099998474121094,61.779998779296875,61.810001373291016,1191100
2013-08-20,61.939998626708984,62.77000045776367,61.790000915527344,62.2400016784668,961800
2013-08-21,62.25,62.52000045776367,61.70000076293945,61.790000915527344,1015600
2013-08-22,61.91999816894531,62.75,61.709999084472656,62.4900016784668,622700
2013-08-23,62.56999969482422,63.06999969482422,61.970001220703125,62.959999084472656,858600
2013-08-26,63.119998931884766,63.70000076293945,62.72999954223633,62.84000015258789,710900
2013-08-27,62.040000915527344,62.939998626708984,61.27000045776367,61.369998931884766,1884400
2013-08-28,61.369998931884766,62.08000183105469,61.369998931884766,61.75,2073900
2013-08-29,61.70000076293945,61.959999084472656,61.22999954223633,61.349998474121094,1349600
2013-08-30,61.5099983215332,61.84000015258789,61.0,61.43000030517578,1581400
2013-09-03,62.099998474121094,62.38999938964844,61.650001525878906,62.18000030517578,1398900
2013-09-04,62.099998474121094,62.790000915527344,61.810001373291016,62.619998931884766,1054700
2013-09-05,62.75,63.22999954223633,62.52000045776367,62.900001525878906,1045700
2013-09-06,63.099998474121094,63.81999969482422,62.630001068115234,62.90999984741211,1497400
2013-09-09,63.18000030517578,64.1500015258789,63.040000915527344,64.12999725341797,1674100
2013-09-10,64.4000015258789,65.08999633789062,63.86000061035156,65.05999755859375,2180100
2013-09-11,65.5,66.19000244140625,65.18000030517578,66.16999816894531,1918600
2013-09-12,66.13999938964844,67.26000213623047,66.0999984741211,66.75,2135800
2013-09-13,66.75,67.06999969482422,66.38999938964844,66.5199966430664,1611900
2013-09-16,67.06999969482422,67.12000274658203,65.66000366210938,65.9000015258789,1575100
2013-09-17,65.77999877929688,66.29000091552734,65.51000213623047,66.0999984741211,1244800
2013-09-18,66.0999984741211,67.95999908447266,65.81999969482422,67.7699966430664,1363200
2013-09-19,67.87000274658203,68.43000030517578,67.33000183105469,67.44000244140625,1247900
2013-09-20,67.48999786376953,67.73999786376953,66.93000030517578,67.29000091552734,1726900
2013-09-23,67.18000030517578,67.3499984741211,66.5199966430664,67.01000213623047,780500
2013-09-24,66.87000274658203,67.8499984741211,66.66000366210938,67.13999938964844,1107900
2013-09-25,67.27999877929688,67.69000244140625,66.80000305175781,67.0199966430664,1220100
2013-09-26,67.2300033569336,67.3499984741211,66.43000030517578,67.31999969482422,1348600
2013-09-27,67.12000274658203,67.30000305175781,66.54000091552734,67.01000213623047,911900
2013-09-30,66.30999755859375,67.29000091552734,66.0999984741211,67.01000213623047,1214000
2013-10-01,67.05999755859375,68.0,66.94999694824219,67.98999786376953,2085800
2013-10-02,67.62999725341797,67.98999786376953,66.79000091552734,67.83000183105469,1392300
2013-10-03,67.29000091552734,67.4000015258789,65.62999725341797,66.37000274658203,2061600
2013-10-04,66.55999755859375,67.7699966430664,66.08999633789062,67.2300033569336,1338100
2013-10-07,66.38999938964844,67.45999908447266,66.25,66.37000274658203,1277400
2013-10-08,66.41000366210938,66.9000015258789,65.22000122070312,65.25,935300
2013-10-09,65.30999755859375,65.62999725341797,64.36000061035156,64.80000305175781,1135600
2013-10-10,65.5199966430664,66.44999694824219,65.13999938964844,66.44999694824219,1455900
2013-10-11,66.16999816894531,67.41000366210938,65.87999725341797,67.0,1054800
2013-10-14,66.5199966430664,67.43000030517578,66.26000213623047,67.4000015258789,1291400
2013-10-15,67.95999908447266,69.06999969482422,67.55999755859375,68.30999755859375,2800300
2013-10-16,68.8499984741211,70.30000305175781,68.69000244140625,70.20999908447266,1921900
2013-10-17,69.97000122070312,70.77999877929688,69.86000061035156,70.7300033569336,1640100
2013-10-18,71.23999786376953,72.62000274658203,70.83000183105469,72.55999755859375,2246900
2013-10-21,72.30000305175781,73.08999633789062,71.91999816894531,72.36000061035156,1926500
2013-10-22,72.7699966430664,73.87999725341797,72.51000213623047,73.27999877929688,3068200
2013-10-23,72.88999938964844,73.13999938964844,70.56999969482422,71.37999725341797,2728300
2013-10-24,71.5,76.58999633789062,71.04000091552734,74.5199966430664,3838700
2013-10-25,75.66000366210938,76.5999984741211,74.87999725341797,76.51000213623047,3423900
2013-10-28,76.38999938964844,77.04000091552734,75.94000244140625,76.54000091552734,2346200
2013-10-29,76.56999969482422,77.33000183105469,76.5,77.12999725341797,1664600
2013-10-30,77.12999725341797,78.01000213623047,75.27999877929688,76.08999633789062,1695200
2013-10-31,76.0,76.18000030517578,74.63999938964844,74.93000030517578,2016500
2013-11-01,75.11000061035156,75.47000122070312,73.5,75.19000244140625,1788700
2013-11-04,75.6500015258789,76.91999816894531,75.52999877929688,76.12999725341797,1850700
2013-11-05,75.70999908447266,76.02999877929688,74.72000122070312,75.01000213623047,1592200
2013-11-06,75.16000366210938,75.97000122070312,74.01000213623047,74.58999633789062,1715300
2013-11-07,74.95999908447266,75.0999984741211,72.16000366210938,72.6500015258789,3689900
2013-11-08,72.69999694824219,75.69000244140625,72.69999694824219,75.5999984741211,2482200
2013-11-11,75.55000305175781,75.97000122070312,74.87999725341797,75.20999908447266,933500
2013-11-12,75.23999786376953,75.25,73.58999633789062,73.69000244140625,1621800
2013-11-13,73.37000274658203,74.52999877929688,73.0,74.0,1852700
2013-11-14,74.06999969482422,74.37999725341797,73.4800033569336,74.19999694824219,1628000
2013-11-15,74.26000213623047,74.97000122070312,73.94000244140625,74.93000030517578,1377100
2013-11-18,75.05000305175781,75.2699966430664,72.88999938964844,73.18000030517578,2509700
2013-11-19,73.11000061035156,73.75,72.38999938964844,73.0,2050600
2013-11-20,73.4800033569336,73.83999633789062,72.48999786376953,72.8499984741211,1450700
2013-11-21,73.25,74.63999938964844,73.19999694824219,73.9800033569336,1420900
2013-11-22,74.55999755859375,74.72000122070312,73.33999633789062,73.58000183105469,1793000
2013-11-25,73.66000366210938,73.66000366210938,71.91000366210938,72.94000244140625,1383500
2013-11-26,73.0,73.68000030517578,72.30000305175781,73.18000030517578,1787800
2013-11-27,72.75,72.95999908447266,68.58000183105469,69.87000274658203,5196300
2013-11-29,69.91000366210938,71.0199966430664,69.08000183105469,70.23999786376953,1523100
2013-12-02,70.0999984741211,70.58000183105469,69.06999969482422,69.80000305175781,2035200
2013-12-03,69.80000305175781,70.26000213623047,69.30999755859375,69.51000213623047,3196000
2013-12-04,70.25,70.73999786376953,69.30999755859375,69.63999938964844,3141900
2013-12-05,69.0,69.8499984741211,68.79000091552734,69.04000091552734,2373000
2013-12-06,69.73999786376953,69.88999938964844,69.19000244140625,69.5,2700500
2013-12-09,69.4000015258789,69.5,67.61000061035156,68.58999633789062,3781200
2013-12-10,68.38999938964844,69.76000213623047,68.30999755859375,69.4800033569336,2432000
2013-12-11,69.41999816894531,69.66999816894531,67.9000015258789,68.16000366210938,2329000
2013-12-12,68.23999786376953,69.23999786376953,67.58999633789062,68.68000030517578,2102700
2013-12-13,68.55999755859375,68.77999877929688,67.58999633789062,68.68000030517578,2266900
2013-12-16,68.97000122070312,69.66000366210938,68.69999694824219,69.4000015258789,2026200
2013-12-17,69.87000274658203,69.87999725341797,67.56999969482422,67.61000061035156,3601800
2013-12-18,67.91999816894531,67.9800033569336,65.79000091552734,67.44999694824219,4136800
2013-12-19,66.62999725341797,68.16000366210938,66.56999969482422,67.87000274658203,2349700
2013-12-20,68.02999877929688,68.75,67.87999725341797,67.94000244140625,3057500
2013-12-23,68.5,68.83000183105469,67.51000213623047,67.62000274658203,2266300
2013-12-24,67.62000274658203,68.05000305175781,67.27999877929688,67.91999816894531,695800
2013-12-26,68.04000091552734,68.33999633789062,67.7300033569336,68.05000305175781,674300
2013-12-27,68.0,68.47000122070312,67.69999694824219,68.20999908447266,1107100
2013-12-30,68.31999969482422,68.7300033569336,67.05999755859375,67.16999816894531,1452000
2013-12-31,67.47000122070312,68.2300033569336,66.76000213623047,68.11000061035156,1624300
2014-01-02,67.86000061035156,67.94999694824219,66.11000061035156,66.58999633789062,2281300
2014-01-03,66.76000213623047,67.30000305175781,65.87000274658203,66.13999938964844,1755200
2014-01-06,66.18000030517578,66.19999694824219,65.18000030517578,65.75,1555400
2014-01-07,66.0,66.62999725341797,65.4000015258789,65.8499984741211,2469000
2014-01-08,66.04000091552734,66.55999755859375,65.27999877929688,65.70999908447266,1957100
2014-01-09,66.38999938964844,66.86000061035156,64.43000030517578,65.3499984741211,2735700
2014-01-10,65.29000091552734,65.63999938964844,64.5,64.73999786376953,2699200
2014-01-13,64.4000015258789,64.98999786376953,63.0,63.16999816894531,2340700
2014-01-14,63.38999938964844,64.79000091552734,63.31999969482422,64.36000061035156,2240500
2014-01-15,64.26000213623047,64.80000305175781,64.18000030517578,64.44999694824219,1556400
2014-01-16,64.25,64.98999786376953,64.05000305175781,64.66000366210938,1506400
2014-01-17,64.66000366210938,64.9800033569336,63.86000061035156,63.900001525878906,1874300
2014-01-21,64.18000030517578,64.5,63.119998931884766,64.06999969482422,2342400
2014-01-22,64.73999786376953,65.88999938964844,64.43000030517578,65.68000030517578,2383900
2014-01-23,65.19999694824219,65.44000244140625,64.80000305175781,65.11000061035156,3224000
2014-01-24,64.66999816894531,64.69999694824219,62.79999923706055,62.970001220703125,3256500
2014-01-27,62.880001068115234,63.060001373291016,61.75,62.13999938964844,2238200
2014-01-28,62.849998474121094,63.65999984741211,62.380001068115234,63.310001373291016,2001800
2014-01-29,62.619998931884766,63.91999816894531,62.189998626708984,63.25,2592100
2014-01-30,63.540000915527344,63.70000076293945,62.86000061035156,62.97999954223633,1645200
2014-01-31,61.970001220703125,63.0099983215332,61.790000915527344,62.33000183105469,2496100
2014-02-03,62.41999816894531,63.34000015258789,61.70000076293945,61.790000915527344,2684300
2014-02-04,62.16999816894531,63.04999923706055,61.849998474121094,62.34000015258789,2753900
2014-02-05,62.380001068115234,62.5,61.099998474121094,61.189998626708984,2700700
2014-02-06,60.75,62.810001373291016,60.13999938964844,62.61000061035156,7679400
2014-02-07,63.41999816894531,66.44000244140625,63.41999816894531,66.19999694824219,5992300
2014-02-10,66.08000183105469,66.76000213623047,65.0199966430664,66.6500015258789,4255900
2014-02-11,66.75,66.77999877929688,66.12000274658203,66.33000183105469,3814300
2014-02-12,66.68000030517578,66.9000015258789,66.06999969482422,66.54000091552734,2005600
2014-02-13,65.7699966430664,66.97000122070312,65.5999984741211,66.44999694824219,2303100
2014-02-14,66.41000366210938,66.75,65.76000213623047,66.36000061035156,2069500
2014-02-18,66.33999633789062,66.91000366210938,66.1500015258789,66.55000305175781,2646500
2014-02-19,66.08000183105469,67.41999816894531,66.08000183105469,66.5999984741211,3994200
2014-02-20,66.19999694824219,67.41999816894531,66.08999633789062,67.12000274658203,2835600
2014-02-21,67.52999877929688,67.56999969482422,66.79000091552734,66.86000061035156,2117900
2014-02-24,67.18000030517578,70.5,67.18000030517578,69.33000183105469,3729500
2014-02-25,69.1500015258789,69.37999725341797,68.25,68.77999877929688,2326800
2014-02-26,68.72000122070312,69.58000183105469,68.22000122070312,68.48999786376953,2398600
2014-02-27,68.30999755859375,68.58000183105469,67.61000061035156,67.94000244140625,2285700
2014-02-28,68.06999969482422,69.0999984741211,67.93000030517578,68.76000213623047,2200300
2014-03-03,68.4800033569336,69.69999694824219,67.86000061035156,67.97000122070312,1878700
2014-03-04,68.81999969482422,69.22000122070312,68.13999938964844,69.0199966430664,1598000
2014-03-05,69.16000366210938,69.19000244140625,67.87999725341797,68.13999938964844,1560300
2014-03-06,68.0199966430664,68.98999786376953,67.75,68.77999877929688,1426100
2014-03-07,69.04000091552734,69.25,68.5,69.2300033569336,1321800
2014-03-10,69.19999694824219,69.19999694824219,68.62999725341797,69.06999969482422,1439100
2014-03-11,68.97000122070312,69.87000274658203,68.18000030517578,68.3499984741211,2543300
2014-03-12,67.83999633789062,68.26000213623047,67.0,68.19999694824219,1292800
2014-03-13,68.37999725341797,68.37999725341797,66.68000030517578,66.94000244140625,1502800
2014-03-14,66.75,67.08999633789062,66.25,66.63999938964844,2384500
2014-03-17,66.80000305175781,67.19000244140625,66.37999725341797,66.6500015258789,1116900
2014-03-18,66.73999786376953,67.5999984741211,66.45999908447266,67.4000015258789,1294600
2014-03-19,67.33999633789062,67.37999725341797,65.69999694824219,65.95999908447266,2064300
2014-03-20,65.77999877929688,66.91000366210938,65.37000274658203,66.83000183105469,1227400
2014-03-21,67.33999633789062,67.70999908447266,66.55000305175781,67.12000274658203,2075400
2014-03-24,67.37999725341797,67.69000244140625,66.25,66.77999877929688,1068900
2014-03-25,67.25,67.88999938964844,67.0199966430664,67.62000274658203,1335700
2014-03-26,67.95999908447266,68.68000030517578,67.44999694824219,67.68000030517578,1357700
2014-03-27,67.80000305175781,69.48999786376953,67.36000061035156,69.02999877929688,2148200
2014-03-28,69.37000274658203,71.31999969482422,69.19999694824219,71.13999938964844,2953800
2014-03-31,71.30999755859375,71.9800033569336,70.3499984741211,71.04000091552734,2132500
2014-04-01,71.06999969482422,71.16000366210938,70.2300033569336,70.56999969482422,2189100
2014-04-02,69.8499984741211,70.61000061035156,69.62000274658203,70.37999725341797,1674900
2014-04-03,70.7699966430664,71.72000122070312,70.56999969482422,71.29000091552734,2002400
2014-04-04,71.91000366210938,72.6500015258789,70.20999908447266,70.3499984741211,2530500
2014-04-07,70.16999816894531,70.4000015258789,69.22000122070312,69.37000274658203,1208000
2014-04-08,69.29000091552734,70.7699966430664,69.27999877929688,70.55000305175781,1585400
2014-04-09,70.73999786376953,70.93000030517578,70.13999938964844,70.77999877929688,1286200
2014-04-10,70.83999633789062,70.9800033569336,69.27999877929688,69.52999877929688,1341400
2014-04-11,69.2300033569336,70.3499984741211,69.2300033569336,69.44999694824219,1369500
2014-04-14,70.26000213623047,70.9800033569336,69.5199966430664,70.58000183105469,985700
2014-04-15,70.45999908447266,71.87999725341797,70.0199966430664,71.8499984741211,1655300
2014-04-16,72.62999725341797,72.94000244140625,72.22000122070312,72.9000015258789,1716200
2014-04-17,72.69000244140625,74.6500015258789,72.62999725341797,74.41999816894531,2210500
2014-04-21,74.3499984741211,74.77999877929688,73.94000244140625,74.66000366210938,1371100
2014-04-22,74.37999725341797,74.62000274658203,73.8499984741211,74.30000305175781,1629800
2014-04-23,73.33000183105469,75.19999694824219,73.33000183105469,75.06999969482422,2554000
2014-04-24,73.31999969482422,76.29000091552734,72.5999984741211,74.94999694824219,2906300
2014-04-25,74.45999908447266,74.56999969482422,72.2300033569336,72.79000091552734,2530400
2014-04-28,73.13999938964844,73.26000213623047,71.51000213623047,72.16999816894531,2375000
2014-04-29,72.98999786376953,73.76000213623047,72.30000305175781,73.05999755859375,2395800
2014-04-30,73.19000244140625,73.25,71.5,71.77999877929688,1805900
2014-05-01,71.54000091552734,71.94000244140625,70.87999725341797,71.2300033569336,1716300
2014-05-02,71.12999725341797,72.1500015258789,70.87000274658203,71.29000091552734,1523400
2014-05-05,70.8499984741211,71.51000213623047,70.54000091552734,71.08999633789062,3302400
2014-05-06,71.13999938964844,71.93000030517578,70.81999969482422,71.19000244140625,2410400
2014-05-07,71.83000183105469,72.22000122070312,70.69000244140625,71.72000122070312,1800300
2014-05-08,71.41999816894531,71.79000091552734,70.66000366210938,70.73999786376953,1229200
2014-05-09,70.63999938964844,70.73999786376953,69.91999816894531,70.72000122070312,1306600
2014-05-12,71.16000366210938,71.19000244140625,70.45999908447266,70.69000244140625,2405400
2014-05-13,70.61000061035156,71.45999908447266,70.61000061035156,71.04000091552734,2173500
2014-05-14,71.27999877929688,71.75,70.47000122070312,70.69999694824219,1289400
2014-05-15,70.58000183105469,70.6500015258789,68.83000183105469,69.62000274658203,1608000
2014-05-16,69.70999908447266,70.25,69.22000122070312,69.7300033569336,1551700
2014-05-19,69.44000244140625,70.08999633789062,69.19999694824219,69.55999755859375,1602600
2014-05-20,69.55999755859375,69.8499984741211,69.12999725341797,69.33999633789062,937200
2014-05-21,69.0,70.56999969482422,69.0,70.33000183105469,1773000
2014-05-22,70.58000183105469,71.18000030517578,70.16999816894531,70.19000244140625,1506100
2014-05-23,70.33000183105469,70.55000305175781,69.94999694824219,70.0,906400
2014-05-27,70.13999938964844,70.27999877929688,69.61000061035156,69.83999633789062,1456800
2014-05-28,69.97000122070312,71.04000091552734,69.77999877929688,70.7699966430664,1990700
2014-05-29,71.0,71.97000122070312,70.87000274658203,71.88999938964844,1660300
2014-05-30,71.8499984741211,72.45999908447266,71.72000122070312,72.06999969482422,2143600
2014-06-02,72.36000061035156,72.5,71.56999969482422,71.66999816894531,1308600
2014-06-03,71.3499984741211,72.05000305175781,71.26000213623047,72.01000213623047,1093300
2014-06-04,72.0,72.48999786376953,71.55999755859375,72.16000366210938,1069800
2014-06-05,72.08000183105469,72.4000015258789,71.5199966430664,72.36000061035156,1511900
2014-06-06,72.36000061035156,74.0999984741211,72.3499984741211,74.0,1969000
2014-06-09,74.13999938964844,74.95999908447266,73.91999816894531,74.2300033569336,1427300
2014-06-10,74.01000213623047,74.80999755859375,73.94000244140625,74.77999877929688,1843200
2014-06-11,74.30000305175781,75.94000244140625,74.1500015258789,75.37999725341797,2095900
2014-06-12,76.01000213623047,77.4000015258789,75.47000122070312,75.80999755859375,1963700
2014-06-13,76.01000213623047,76.22000122070312,75.1500015258789,76.19000244140625,1195100
2014-06-16,76.29000091552734,76.5,75.69999694824219,76.25,1214900
2014-06-17,76.12999725341797,76.51000213623047,75.47000122070312,76.0199966430664,1625600
2014-06-18,76.0,76.70999908447266,75.52999877929688,76.61000061035156,1412900
2014-06-19,76.7699966430664,77.44000244140625,76.62999725341797,77.41999816894531,1428400
2014-06-20,77.70999908447266,78.68000030517578,77.51000213623047,78.63999938964844,2653000
2014-06-23,78.95999908447266,79.62999725341797,78.62000274658203,79.2300033569336,2199000
2014-06-24,78.9000015258789,79.01000213623047,77.43000030517578,77.5,2565600
2014-06-25,77.22000122070312,78.75,77.20999908447266,78.56999969482422,2067500
2014-06-26,78.56999969482422,78.62999725341797,77.72000122070312,78.12999725341797,1601100
2014-06-27,77.76000213623047,78.27999877929688,76.70999908447266,77.41999816894531,4454600
2014-06-30,77.6500015258789,78.23999786376953,76.87000274658203,77.45999908447266,2366000
2014-07-01,77.83000183105469,77.93000030517578,75.88999938964844,76.33999633789062,2439700
2014-07-02,76.27999877929688,76.63999938964844,75.56999969482422,75.77999877929688,1817600
2014-07-03,75.69000244140625,76.05999755859375,75.08000183105469,75.79000091552734,904800
2014-07-07,75.61000061035156,75.7300033569336,74.37999725341797,74.72000122070312,1946600
2014-07-08,74.81999969482422,75.61000061035156,74.75,75.33999633789062,1415700
2014-07-09,75.2699966430664,75.8499984741211,74.9800033569336,75.79000091552734,1479600
2014-07-10,74.8499984741211,75.5,74.29000091552734,74.91000366210938,1469100
2014-07-11,74.87000274658203,74.91000366210938,73.5999984741211,73.69000244140625,1541800
2014-07-14,74.12000274658203,74.9800033569336,74.12000274658203,74.83000183105469,1455200
2014-07-15,74.58999633789062,74.93000030517578,73.76000213623047,74.16000366210938,1784600
2014-07-16,74.4000015258789,76.19000244140625,74.3499984741211,76.12999725341797,2078200
2014-07-17,76.13999938964844,76.43000030517578,73.66000366210938,73.70999908447266,2190100
2014-07-18,73.55000305175781,73.76000213623047,72.94999694824219,73.01000213623047,2838300
2014-07-21,72.83999633789062,73.08999633789062,72.44000244140625,72.91999816894531,1507100
2014-07-22,73.22000122070312,73.66999816894531,72.70999908447266,73.47000122070312,1544600
2014-07-23,73.56999969482422,74.37999725341797,73.20999908447266,74.20999908447266,2614500
2014-07-24,70.2300033569336,72.81999969482422,69.83000183105469,71.62999725341797,7557500
2014-07-25,71.5,71.5999984741211,69.19000244140625,69.56999969482422,6736900
2014-07-28,69.77999877929688,70.22000122070312,68.9800033569336,69.12999725341797,4872400
2014-07-29,69.12999725341797,69.13999938964844,68.36000061035156,68.44000244140625,3707900
2014-07-30,68.87000274658203,69.22000122070312,66.66000366210938,67.04000091552734,4436200
2014-07-31,66.2699966430664,67.1500015258789,65.66999816894531,66.48999786376953,5083700
2014-08-01,66.05000305175781,67.36000061035156,65.87999725341797,66.75,5843700
2014-08-04,66.75,72.8499984741211,66.31999969482422,70.2300033569336,8083200
2014-08-05,69.80999755859375,69.9000015258789,67.94999694824219,68.41000366210938,3673900
2014-08-06,67.95999908447266,69.61000061035156,67.86000061035156,68.9800033569336,3237100
2014-08-07,69.08000183105469,69.33000183105469,68.11000061035156,68.77999877929688,3374400
2014-08-08,69.0,70.52999877929688,68.80999755859375,70.45999908447266,2199900
2014-08-11,70.73999786376953,70.98999786376953,69.5999984741211,69.7699966430664,1983900
2014-08-12,69.4000015258789,69.80000305175781,68.9000015258789,69.08999633789062,1928900
2014-08-13,69.5199966430664,69.95999908447266,68.98999786376953,69.55999755859375,1363200
2014-08-14,69.56999969482422,70.25,69.11000061035156,69.5,3568600
2014-08-15,69.73999786376953,70.16999816894531,69.48999786376953,70.01000213623047,1840000
2014-08-18,70.11000061035156,70.58000183105469,69.55999755859375,69.81999969482422,1721000
2014-08-19,69.91000366210938,70.80999755859375,69.83000183105469,70.25,1107100
2014-08-20,70.08999633789062,70.30000305175781,69.43000030517578,69.91000366210938,1708600
2014-08-21,70.0999984741211,70.27999877929688,69.61000061035156,70.13999938964844,1402600
2014-08-22,69.66999816894531,70.02999877929688,69.05999755859375,69.55000305175781,1741900
2014-08-25,69.94000244140625,71.05999755859375,69.77999877929688,71.02999877929688,1257600
2014-08-26,71.30999755859375,72.06999969482422,71.08999633789062,71.4000015258789,1865900
2014-08-27,71.30999755859375,71.62999725341797,70.63999938964844,70.91999816894531,900200
2014-08-28,70.87999725341797,71.02999877929688,70.36000061035156,70.91999816894531,1136200
2014-08-29,71.11000061035156,72.16000366210938,70.81999969482422,72.13999938964844,1755500
2014-09-02,71.93000030517578,72.05999755859375,70.45999908447266,70.55000305175781,1626300
2014-09-03,70.9000015258789,71.62000274658203,70.9000015258789,71.20999908447266,1297600
2014-09-04,71.13999938964844,71.44000244140625,70.0999984741211,71.0,2260300
2014-09-05,70.7300033569336,71.68000030517578,70.44000244140625,71.66000366210938,2038000
2014-09-08,71.0199966430664,71.22000122070312,70.22000122070312,70.61000061035156,1781500
2014-09-09,70.5999984741211,71.81999969482422,70.31999969482422,70.58999633789062,1861800
2014-09-10,70.2699966430664,70.29000091552734,69.04000091552734,69.94000244140625,2223300
2014-09-11,69.30999755859375,70.16000366210938,68.94999694824219,70.0,1325800
2014-09-12,69.79000091552734,70.05999755859375,68.73999786376953,68.80000305175781,1531200
2014-09-15,68.97000122070312,69.83000183105469,68.51000213623047,69.4800033569336,1959800
2014-09-16,69.69999694824219,71.43000030517578,69.30999755859375,71.11000061035156,2233500
2014-09-17,71.5,71.62999725341797,70.58000183105469,71.16999816894531,1955600
2014-09-18,71.22000122070312,71.45999908447266,70.80999755859375,71.22000122070312,2740800
2014-09-19,71.55000305175781,72.05999755859375,71.16000366210938,71.29000091552734,2726000
2014-09-22,70.94999694824219,70.94999694824219,69.9000015258789,70.36000061035156,2201900
2014-09-23,70.2699966430664,71.19000244140625,70.01000213623047,70.30000305175781,2338100
2014-09-24,69.79000091552734,70.91999816894531,69.12999725341797,70.41999816894531,1799100
2014-09-25,70.43000030517578,70.43000030517578,68.98999786376953,69.19999694824219,2459700
2014-09-26,69.02999877929688,70.20999908447266,68.55999755859375,69.87999725341797,1617100
2014-09-29,69.1500015258789,70.0199966430664,69.08000183105469,69.88999938964844,1666200
2014-09-30,69.63999938964844,69.77999877929688,67.9000015258789,68.36000061035156,2335900
2014-10-01,68.33999633789062,68.7300033569336,66.52999877929688,66.79000091552734,2593400
2014-10-02,66.16000366210938,66.3499984741211,64.51000213623047,66.13999938964844,3417100
2014-10-03,66.02999877929688,66.54000091552734,65.16000366210938,65.16999816894531,2701000
2014-10-06,65.45999908447266,65.69999694824219,64.52999877929688,64.91999816894531,2110700
2014-10-07,64.37000274658203,64.47000122070312,62.58000183105469,62.58000183105469,3101200
2014-10-08,62.22999954223633,63.08000183105469,61.029998779296875,63.0099983215332,2880300
2014-10-09,62.5,62.5,60.22999954223633,60.29999923706055,2976200
2014-10-10,60.40999984741211,60.58000183105469,58.709999084472656,58.720001220703125,3386900
2014-10-13,58.540000915527344,59.279998779296875,55.5099983215332,55.56999969482422,3472800
2014-10-14,55.91999816894531,56.5,54.459999084472656,54.790000915527344,4134700
2014-10-15,53.66999816894531,54.959999084472656,52.650001525878906,54.849998474121094,5319100
2014-10-16,53.5,57.75,53.29999923706055,56.66999816894531,4292600
2014-10-17,57.790000915527344,58.529998779296875,56.15999984741211,56.59000015258789,3137200
2014-10-20,56.54999923706055,57.77000045776367,56.459999084472656,57.5099983215332,2046100
2014-10-21,58.040000915527344,59.5,58.0,58.88999938964844,3150400
2014-10-22,59.2599983215332,59.400001525878906,57.11000061035156,57.130001068115234,3114100
2014-10-23,58.16999816894531,58.90999984741211,57.72999954223633,58.47999954223633,2486400
2014-10-24,58.38999938964844,58.5,57.08000183105469,57.43000030517578,2663800
2014-10-27,56.25,56.54999923706055,55.36000061035156,56.380001068115234,3327900
2014-10-28,56.560001373291016,58.47999954223633,55.18000030517578,58.36000061035156,3305100
2014-10-29,58.849998474121094,60.29999923706055,57.560001373291016,58.130001068115234,3350800
2014-10-30,57.56999969482422,58.5,55.099998474121094,57.15999984741211,2718800
2014-10-31,56.63999938964844,57.689998626708984,55.72999954223633,57.630001068115234,4056300
2014-11-03,58.08000183105469,58.20000076293945,55.75,55.869998931884766,3799000
2014-11-04,55.060001373291016,55.220001220703125,53.63999938964844,54.20000076293945,3222000
2014-11-05,54.91999816894531,55.95000076293945,54.15999984741211,55.54999923706055,2599600
2014-11-06,54.90999984741211,55.290000915527344,54.22999954223633,54.79999923706055,4548800
2014-11-07,55.15999984741211,57.06999969482422,55.04999923706055,56.5099983215332,4604800
2014-11-10,57.29999923706055,57.70000076293945,55.93000030517578,56.22999954223633,3167600
2014-11-11,56.38999938964844,56.52000045776367,55.279998779296875,56.13999938964844,3366300
2014-11-12,55.529998779296875,56.2599983215332,55.13999938964844,55.220001220703125,2703100
2014-11-13,55.099998474121094,55.709999084472656,53.27000045776367,53.9900016784668,3158700
2014-11-14,54.349998474121094,56.279998779296875,54.25,56.11000061035156,2577600
2014-11-17,55.36000061035156,55.529998779296875,54.279998779296875,54.709999084472656,3402200
2014-11-18,54.75,55.41999816894531,54.2599983215332,55.0099983215332,1934800
2014-11-19,55.36000061035156,55.41999816894531,54.02000045776367,54.77000045776367,2789800
2014-11-20,54.77000045776367,56.81999969482422,54.66999816894531,56.540000915527344,3358700
2014-11-21,57.65999984741211,58.02000045776367,56.83000183105469,57.709999084472656,3252500
2014-11-24,57.34000015258789,57.849998474121094,56.47999954223633,56.689998626708984,3901800
2014-11-25,56.84000015258789,57.0099983215332,55.11000061035156,55.41999816894531,2255400
2014-11-26,55.040000915527344,55.060001373291016,53.77000045776367,53.83000183105469,2091600
2014-11-28,51.0099983215332,51.16999816894531,48.939998626708984,49.18000030517578,3881500
2014-12-01,49.11000061035156,49.790000915527344,47.75,49.70000076293945,5976400
2014-12-02,49.349998474121094,50.83000183105469,49.13999938964844,50.54999923706055,4978900
2014-12-03,50.86000061035156,52.36000061035156,50.529998779296875,52.13999938964844,4349900
2014-12-04,51.380001068115234,52.209999084472656,51.09000015258789,51.58000183105469,4211000
2014-12-05,51.15999984741211,51.400001525878906,50.04999923706055,50.59000015258789,2932300
2014-12-08,49.79999923706055,49.79999923706055,47.52000045776367,47.61000061035156,4897800
2014-12-09,47.04999923706055,48.529998779296875,46.91999816894531,47.88999938964844,5749600
2014-12-10,47.060001373291016,47.060001373291016,45.33000183105469,45.779998779296875,4918500
2014-12-11,45.439998626708984,46.81999969482422,45.13999938964844,45.38999938964844,3032200
2014-12-12,44.709999084472656,45.45000076293945,43.650001525878906,43.86000061035156,4236400
2014-12-15,44.4900016784668,44.880001068115234,42.91999816894531,43.0,3834300
2014-12-16,42.650001525878906,44.939998626708984,42.11000061035156,43.560001373291016,5206100
2014-12-17,43.77000045776367,48.20000076293945,43.77000045776367,47.939998626708984,6716200
2014-12-18,49.400001525878906,49.97999954223633,47.68000030517578,49.41999816894531,5930700
2014-12-19,49.900001525878906,51.2400016784668,49.40999984741211,51.189998626708984,5030800
2014-12-22,50.40999984741211,51.08000183105469,49.68000030517578,50.95000076293945,3748000
2014-12-23,50.869998931884766,50.970001220703125,48.43000030517578,48.97999954223633,6276700
2014-12-24,48.560001373291016,48.66999816894531,47.540000915527344,48.5,2284800
2014-12-26,48.619998931884766,49.04999923706055,46.91999816894531,47.220001220703125,2918900
2014-12-29,47.599998474121094,48.630001068115234,47.5,47.83000183105469,3143500
2014-12-30,47.52000045776367,48.02000045776367,47.0,47.33000183105469,2460000
2014-12-31,46.900001525878906,48.0,46.290000915527344,47.43000030517578,2447800
2015-01-02,47.06999969482422,47.599998474121094,45.959999084472656,46.880001068115234,2962000
2015-01-05,46.040000915527344,46.209999084472656,42.189998626708984,42.38999938964844,7058600
2015-01-06,42.279998779296875,42.880001068115234,41.310001373291016,41.900001525878906,3825800
2015-01-07,42.5,42.939998626708984,41.4900016784668,41.7400016784668,3108500
2015-01-08,42.13999938964844,43.41999816894531,41.560001373291016,43.18000030517578,3824800
2015-01-09,43.209999084472656,43.880001068115234,42.59000015258789,43.56999969482422,2998000
2015-01-12,42.4900016784668,42.81999969482422,41.0099983215332,41.52000045776367,3513400
2015-01-13,41.779998779296875,42.81999969482422,41.31999969482422,42.540000915527344,5022900
2015-01-14,42.040000915527344,42.959999084472656,41.38999938964844,42.849998474121094,3661800
2015-01-15,43.779998779296875,44.220001220703125,42.95000076293945,42.97999954223633,4062200
2015-01-16,43.34000015258789,45.529998779296875,43.2400016784668,45.4900016784668,3466700
2015-01-20,44.880001068115234,46.04999923706055,44.15999984741211,45.90999984741211,4095500
2015-01-21,46.36000061035156,47.439998626708984,46.29999923706055,46.93000030517578,3183900
2015-01-22,47.150001525878906,47.36000061035156,45.79999923706055,46.7400016784668,2552600
2015-01-23,46.290000915527344,46.9900016784668,46.040000915527344,46.27000045776367,2820500
2015-01-26,46.41999816894531,47.56999969482422,45.68000030517578,47.52000045776367,3087800
2015-01-27,47.2599983215332,48.11000061035156,46.619998931884766,47.58000183105469,3009300
2015-01-28,47.060001373291016,47.29999923706055,45.5,46.060001373291016,4143000
2015-01-29,46.540000915527344,47.58000183105469,45.09000015258789,47.5099983215332,3649700
2015-01-30,46.91999816894531,48.13999938964844,46.2599983215332,47.7400016784668,3959500
2015-02-02,48.75,49.7599983215332,48.34000015258789,49.72999954223633,3691800
2015-02-03,50.709999084472656,52.41999816894531,49.65999984741211,50.209999084472656,5787000
2015-02-04,49.189998626708984,49.25,47.630001068115234,47.88999938964844,4475800
2015-02-05,48.45000076293945,49.099998474121094,47.9900016784668,48.4900016784668,2973400
2015-02-06,49.119998931884766,49.20000076293945,46.83000183105469,47.720001220703125,3899000
2015-02-09,48.09000015258789,48.58000183105469,46.869998931884766,46.97999954223633,3236300
2015-02-10,47.0099983215332,48.0,45.77000045776367,47.880001068115234,3327200
2015-02-11,46.81999969482422,48.43000030517578,46.61000061035156,47.939998626708984,3110200
2015-02-12,48.95000076293945,49.470001220703125,48.33000183105469,48.849998474121094,2392700
2015-02-13,49.68000030517578,50.880001068115234,49.529998779296875,50.790000915527344,3158600
2015-02-17,50.41999816894531,51.29999923706055,50.04999923706055,50.810001373291016,3032800
2015-02-18,50.15999984741211,51.77000045776367,49.900001525878906,50.689998626708984,4653800
2015-02-19,48.369998931884766,49.77000045776367,47.34000015258789,49.70000076293945,5125500
2015-02-20,49.61000061035156,50.13999938964844,48.58000183105469,49.08000183105469,2955100
2015-02-23,48.459999084472656,49.27000045776367,48.119998931884766,48.5,2338900
2015-02-24,49.13999938964844,49.709999084472656,48.5,49.66999816894531,2632900
2015-02-25,49.349998474121094,50.040000915527344,49.16999816894531,49.810001373291016,2207200
2015-02-26,47.470001220703125,48.16999816894531,47.029998779296875,47.31999969482422,19819000
2015-02-27,47.849998474121094,48.150001525878906,46.75,47.22999954223633,6800600
2015-03-02,47.22999954223633,47.22999954223633,46.18000030517578,46.40999984741211,6016000
2015-03-03,46.779998779296875,47.58000183105469,46.43000030517578,46.97999954223633,4292300
2015-03-04,47.060001373291016,47.45000076293945,46.11000061035156,47.209999084472656,4021800
2015-03-05,46.970001220703125,47.5,46.0099983215332,46.06999969482422,5837900
2015-03-06,45.45000076293945,46.58000183105469,45.189998626708984,45.38999938964844,5692600
2015-03-09,45.38999938964844,45.900001525878906,45.0,45.02000045776367,3258700
2015-03-10,44.33000183105469,45.33000183105469,44.27000045776367,44.27000045776367,2520800
2015-03-11,44.29999923706055,44.689998626708984,43.970001220703125,44.380001068115234,3101900
2015-03-12,44.72999954223633,44.79999923706055,44.130001068115234,44.25,2309900
2015-03-13,43.689998626708984,44.27000045776367,43.310001373291016,44.029998779296875,3543500
2015-03-16,43.65999984741211,45.650001525878906,43.619998931884766,45.61000061035156,4153600
2015-03-17,45.31999969482422,46.06999969482422,44.90999984741211,45.61000061035156,3563800
2015-03-18,45.25,48.70000076293945,45.16999816894531,48.119998931884766,5033700
2015-03-19,47.099998474121094,47.900001525878906,46.810001373291016,47.58000183105469,3171000
2015-03-20,48.0,48.81999969482422,47.63999938964844,47.84000015258789,5140300
2015-03-23,48.02000045776367,48.47999954223633,46.380001068115234,46.400001525878906,3238700
2015-03-24,46.560001373291016,46.63999938964844,45.58000183105469,45.88999938964844,3505600
2015-03-25,46.31999969482422,47.20000076293945,45.470001220703125,46.77000045776367,3905500
2015-03-26,47.779998779296875,48.150001525878906,46.91999816894531,47.939998626708984,3267100
2015-03-27,47.470001220703125,48.619998931884766,47.20000076293945,48.0,3383400
2015-03-30,48.5099983215332,49.15999984741211,47.720001220703125,49.04999923706055,3237400
2015-03-31,48.2599983215332,49.720001220703125,48.22999954223633,48.900001525878906,4132300
2015-04-01,49.27000045776367,49.86000061035156,48.77000045776367,48.869998931884766,3238500
2015-04-02,48.5099983215332,49.9900016784668,48.2400016784668,49.91999816894531,3100200
2015-04-06,50.52000045776367,50.93000030517578,49.880001068115234,50.650001525878906,2592000
2015-04-07,50.65999984741211,51.41999816894531,50.13999938964844,50.29999923706055,2802200
2015-04-08,50.650001525878906,51.04999923706055,49.86000061035156,49.93000030517578,2454800
2015-04-09,50.209999084472656,50.97999954223633,49.880001068115234,50.91999816894531,3061900
2015-04-10,51.060001373291016,51.290000915527344,50.70000076293945,50.91999816894531,1560400
2015-04-13,51.369998931884766,51.61000061035156,50.34000015258789,50.56999969482422,1896800
2015-04-14,51.0099983215332,51.7400016784668,50.83000183105469,51.72999954223633,2734300
2015-04-15,52.15999984741211,53.68000030517578,51.790000915527344,53.470001220703125,3495400
2015-04-16,53.060001373291016,53.43000030517578,52.529998779296875,52.59000015258789,3608400
2015-04-17,52.22999954223633,52.90999984741211,51.83000183105469,52.099998474121094,3880300
2015-04-20,52.29999923706055,53.22999954223633,52.16999816894531,52.7599983215332,2301000
2015-04-21,52.33000183105469,52.630001068115234,51.02000045776367,51.130001068115234,2703800
2015-04-22,51.66999816894531,51.88999938964844,50.91999816894531,51.18000030517578,2424400
2015-04-23,51.290000915527344,52.29999923706055,51.290000915527344,51.5099983215332,2314800
2015-04-24,51.25,51.380001068115234,50.0099983215332,50.4900016784668,2979700
2015-04-27,50.939998626708984,51.150001525878906,49.59000015258789,49.77000045776367,3872300
2015-04-28,49.68000030517578,50.150001525878906,49.13999938964844,50.09000015258789,4144800
2015-04-29,49.93000030517578,51.130001068115234,49.75,50.619998931884766,3198800
2015-04-30,50.88999938964844,51.36000061035156,50.04999923706055,50.720001220703125,3113900
2015-05-01,50.7599983215332,51.0,50.09000015258789,50.2400016784668,2429400
2015-05-04,50.36000061035156,51.20000076293945,50.11000061035156,50.9900016784668,3722200
2015-05-05,52.34000015258789,52.689998626708984,49.779998779296875,49.790000915527344,7426700
2015-05-06,50.400001525878906,51.13999938964844,48.650001525878906,49.18000030517578,3697600
2015-05-07,48.91999816894531,48.91999816894531,47.4900016784668,48.119998931884766,3640600
2015-05-08,48.61000061035156,49.380001068115234,47.75,49.119998931884766,4166800
2015-05-11,46.720001220703125,47.349998474121094,45.310001373291016,46.06999969482422,20886900
2015-05-12,45.869998931884766,46.31999969482422,45.630001068115234,46.0,6719300
2015-05-13,46.43000030517578,46.630001068115234,45.130001068115234,45.279998779296875,6508400
2015-05-14,45.439998626708984,45.52000045776367,44.220001220703125,44.5,6765100
2015-05-15,44.47999954223633,45.25,44.11000061035156,44.880001068115234,4237900
2015-05-18,44.93000030517578,45.27000045776367,44.599998474121094,45.11000061035156,3486800
2015-05-19,44.599998474121094,44.709999084472656,43.869998931884766,44.22999954223633,3482900
2015-05-20,44.2400016784668,44.369998931884766,43.459999084472656,44.0099983215332,3468100
2015-05-21,44.439998626708984,44.4900016784668,43.7400016784668,43.79999923706055,4967100
2015-05-22,43.43000030517578,44.20000076293945,43.15999984741211,43.79999923706055,3883300
2015-05-26,43.939998626708984,44.779998779296875,43.72999954223633,44.150001525878906,6190400
2015-05-27,44.09000015258789,44.349998474121094,42.97999954223633,43.31999969482422,4745300
2015-05-28,43.18000030517578,43.91999816894531,42.79999923706055,43.650001525878906,5196000
2015-05-29,43.779998779296875,44.2599983215332,43.2599983215332,43.779998779296875,4578400
2015-06-01,43.58000183105469,43.77000045776367,42.9900016784668,43.33000183105469,4066000
2015-06-02,43.66999816894531,44.45000076293945,43.09000015258789,44.029998779296875,2709900
2015-06-03,43.959999084472656,44.43000030517578,43.650001525878906,44.310001373291016,3965900
2015-06-04,43.81999969482422,44.0,43.400001525878906,43.70000076293945,5211200
2015-06-05,43.38999938964844,44.959999084472656,43.380001068115234,44.59000015258789,5337800
2015-06-08,44.34000015258789,44.7599983215332,44.11000061035156,44.689998626708984,5231500
2015-06-09,45.43000030517578,46.560001373291016,45.40999984741211,45.75,6903900
2015-06-10,46.61000061035156,46.900001525878906,46.209999084472656,46.630001068115234,4936200
2015-06-11,46.66999816894531,46.93000030517578,46.16999816894531,46.63999938964844,3634300
2015-06-12,46.40999984741211,46.7599983215332,46.08000183105469,46.369998931884766,3494100
2015-06-15,45.95000076293945,46.33000183105469,45.349998474121094,45.380001068115234,3411400
2015-06-16,45.279998779296875,45.68000030517578,45.0099983215332,45.5,3532100
2015-06-17,45.93000030517578,46.290000915527344,44.7400016784668,44.90999984741211,3652200
2015-06-18,45.150001525878906,45.38999938964844,44.38999938964844,44.459999084472656,3456200
2015-06-19,44.18000030517578,44.540000915527344,43.31999969482422,43.529998779296875,4021400
2015-06-22,43.7400016784668,44.599998474121094,43.20000076293945,44.31999969482422,2786600
2015-06-23,44.349998474121094,45.040000915527344,44.130001068115234,44.79999923706055,3567000
2015-06-24,44.540000915527344,44.90999984741211,44.11000061035156,44.72999954223633,3339700
2015-06-25,44.91999816894531,45.29999923706055,44.65999984741211,44.93000030517578,3961600
2015-06-26,44.81999969482422,44.97999954223633,44.45000076293945,44.810001373291016,8807300
2015-06-29,44.119998931884766,44.5099983215332,42.439998626708984,42.65999984741211,5670300
2015-06-30,43.209999084472656,43.27000045776367,42.130001068115234,42.68000030517578,5329400
2015-07-01,43.029998779296875,43.029998779296875,41.06999969482422,41.29999923706055,4585600
2015-07-02,41.13999938964844,41.7400016784668,40.93000030517578,41.02000045776367,3578900
2015-07-06,40.25,40.72999954223633,39.709999084472656,40.189998626708984,4776200
2015-07-07,40.33000183105469,40.97999954223633,38.779998779296875,40.77000045776367,5919700
2015-07-08,40.349998474121094,40.61000061035156,38.720001220703125,39.060001373291016,5533500
2015-07-09,39.869998931884766,40.119998931884766,39.310001373291016,39.310001373291016,4453300
2015-07-10,39.66999816894531,39.95000076293945,38.88999938964844,39.060001373291016,3640100
2015-07-13,39.22999954223633,39.22999954223633,38.59000015258789,38.900001525878906,4769600
2015-07-14,39.2400016784668,39.709999084472656,38.72999954223633,39.599998474121094,5447500
2015-07-15,39.310001373291016,39.91999816894531,38.58000183105469,38.75,4132100
2015-07-16,39.06999969482422,39.06999969482422,38.209999084472656,38.380001068115234,3424400
2015-07-17,38.380001068115234,38.880001068115234,37.540000915527344,38.34000015258789,5592600
2015-07-20,38.09000015258789,38.09000015258789,36.90999984741211,36.970001220703125,9410600
2015-07-21,37.029998779296875,37.540000915527344,36.81999969482422,36.849998474121094,7612100
2015-07-22,36.939998626708984,37.279998779296875,36.40999984741211,36.900001525878906,7017200
2015-07-23,36.939998626708984,37.189998626708984,36.209999084472656,36.70000076293945,3993200
2015-07-24,36.83000183105469,36.84000015258789,35.31999969482422,35.369998931884766,4751500
2015-07-27,34.75,35.470001220703125,34.25,34.72999954223633,4661800
2015-07-28,35.36000061035156,37.06999969482422,34.72999954223633,35.5,8547300
2015-07-29,35.34000015258789,36.45000076293945,35.2400016784668,36.15999984741211,6516300
2015-07-30,35.97999954223633,36.650001525878906,35.540000915527344,36.150001525878906,4844900
2015-07-31,35.900001525878906,36.290000915527344,34.9900016784668,35.22999954223633,5629100
2015-08-03,34.970001220703125,34.970001220703125,33.66999816894531,33.75,6915300
2015-08-04,34.060001373291016,34.75,33.709999084472656,34.0099983215332,5022000
2015-08-05,34.540000915527344,35.06999969482422,33.369998931884766,33.40999984741211,4921400
2015-08-06,33.060001373291016,33.9900016784668,32.38999938964844,33.90999984741211,6189300
2015-08-07,33.75,34.2400016784668,32.439998626708984,32.70000076293945,4168400
2015-08-10,32.79999923706055,34.31999969482422,32.61000061035156,34.2400016784668,4565700
2015-08-11,33.290000915527344,34.209999084472656,32.97999954223633,34.16999816894531,4045800
2015-08-12,33.95000076293945,35.599998474121094,33.880001068115234,35.310001373291016,5075800
2015-08-13,35.869998931884766,36.31999969482422,34.849998474121094,36.29999923706055,12258600
2015-08-14,36.209999084472656,37.099998474121094,35.81999969482422,36.0,6692400
2015-08-17,35.349998474121094,36.099998474121094,35.189998626708984,35.439998626708984,4279400
2015-08-18,35.56999969482422,35.650001525878906,34.84000015258789,35.099998474121094,5064600
2015-08-19,34.84000015258789,35.099998474121094,33.720001220703125,34.220001220703125,4985000
2015-08-20,34.11000061035156,34.47999954223633,33.119998931884766,33.119998931884766,4247000
2015-08-21,32.90999984741211,33.349998474121094,32.380001068115234,32.849998474121094,5688200
2015-08-24,29.200000762939453,32.369998931884766,29.170000076293945,31.170000076293945,9179600
2015-08-25,32.61000061035156,32.630001068115234,30.600000381469727,30.700000762939453,6645300
2015-08-26,31.489999771118164,31.770000457763672,30.84000015258789,31.75,5143900
2015-08-27,32.459999084472656,34.2400016784668,32.2599983215332,33.66999816894531,7281700
2015-08-28,33.41999816894531,35.27000045776367,33.31999969482422,34.529998779296875,5596700
2015-08-31,32.5,34.09000015258789,31.559999465942383,33.40999984741211,13431700
2015-09-01,32.369998931884766,32.52000045776367,30.68000030517578,31.110000610351562,10712900
2015-09-02,31.68000030517578,31.760000228881836,29.479999542236328,30.34000015258789,14312000
2015-09-03,30.760000228881836,31.690000534057617,29.899999618530273,30.209999084472656,13545900
2015-09-04,29.889999389648438,31.1200008392334,29.559999465942383,30.729999542236328,15210700
2015-09-08,31.31999969482422,31.559999465942383,30.360000610351562,31.420000076293945,9292300
2015-09-09,30.940000534057617,31.719999313354492,29.889999389648438,30.190000534057617,10660300
2015-09-10,30.18000030517578,31.079999923706055,29.959999084472656,30.75,6811600
2015-09-11,30.3799991607666,31.200000762939453,30.030000686645508,31.190000534057617,7003800
2015-09-14,31.079999923706055,31.149999618530273,30.450000762939453,30.899999618530273,7121600
2015-09-15,31.110000610351562,31.799999237060547,30.899999618530273,31.549999237060547,5139800
2015-09-16,31.84000015258789,33.310001373291016,31.829999923706055,33.25,7470600
2015-09-17,33.20000076293945,33.9900016784668,32.81999969482422,33.11000061035156,7894100
2015-09-18,32.439998626708984,32.7400016784668,31.950000762939453,32.33000183105469,7277800
2015-09-21,32.65999984741211,33.099998474121094,32.29999923706055,32.75,4928600
2015-09-22,32.16999816894531,33.38999938964844,32.0,32.310001373291016,4683900
2015-09-23,32.47999954223633,32.91999816894531,31.68000030517578,31.8700008392334,5384600
2015-09-24,31.56999969482422,32.540000915527344,31.309999465942383,32.18000030517578,4764600
2015-09-25,32.52000045776367,32.650001525878906,31.420000076293945,31.610000610351562,4580000
2015-09-28,31.31999969482422,31.329999923706055,29.559999465942383,29.579999923706055,5472200
2015-09-29,29.969999313354492,30.030000686645508,29.1299991607666,29.700000762939453,4043000
2015-09-30,30.0,30.540000915527344,29.600000381469727,30.18000030517578,4035300
2015-10-01,30.690000534057617,31.34000015258789,29.700000762939453,30.110000610351562,5501500
2015-10-02,29.850000381469727,31.6299991607666,29.559999465942383,31.6200008392334,4287200
2015-10-05,31.989999771118164,33.27000045776367,31.8700008392334,33.2599983215332,5348300
2015-10-06,33.369998931884766,34.599998474121094,33.16999816894531,34.5099983215332,6563600
2015-10-07,35.06999969482422,35.68000030517578,34.33000183105469,35.04999923706055,6751500
2015-10-08,35.02000045776367,37.40999984741211,34.79999923706055,37.27000045776367,9433200
2015-10-09,37.5099983215332,37.880001068115234,36.38999938964844,36.720001220703125,5885600
2015-10-12,36.70000076293945,36.7599983215332,34.97999954223633,35.47999954223633,4368800
2015-10-13,34.9900016784668,35.56999969482422,34.4900016784668,34.560001373291016,4697900
2015-10-14,34.540000915527344,35.04999923706055,34.29999923706055,34.779998779296875,4731700
2015-10-15,34.599998474121094,36.810001373291016,34.56999969482422,36.40999984741211,5661800
2015-10-16,36.4900016784668,37.20000076293945,35.959999084472656,37.099998474121094,5035500
2015-10-19,36.11000061035156,36.720001220703125,35.97999954223633,36.209999084472656,5159800
2015-10-20,36.18000030517578,36.91999816894531,36.02000045776367,36.529998779296875,3194300
2015-10-21,36.31999969482422,36.720001220703125,35.77000045776367,35.849998474121094,3688200
2015-10-22,36.209999084472656,36.7400016784668,35.849998474121094,36.47999954223633,4813300
2015-10-23,36.2400016784668,36.36000061035156,35.540000915527344,35.93000030517578,3912700
2015-10-26,35.790000915527344,35.86000061035156,34.45000076293945,34.59000015258789,3915900
2015-10-27,33.689998626708984,34.02000045776367,32.81999969482422,32.97999954223633,10418100
2015-10-28,33.11000061035156,35.13999938964844,32.90999984741211,34.84000015258789,5612400
2015-10-29,34.529998779296875,35.599998474121094,34.400001525878906,35.099998474121094,4357400
2015-10-30,35.27000045776367,36.45000076293945,34.5099983215332,35.84000015258789,5208800
2015-11-02,36.45000076293945,38.560001373291016,36.0,37.970001220703125,7692200
2015-11-03,38.52000045776367,39.849998474121094,38.38999938964844,38.70000076293945,6031400
2015-11-04,38.689998626708984,38.880001068115234,37.09000015258789,37.84000015258789,4486800
2015-11-05,37.41999816894531,38.650001525878906,37.08000183105469,37.650001525878906,3703500
2015-11-06,37.13999938964844,37.650001525878906,36.290000915527344,36.790000915527344,3698300
2015-11-09,36.849998474121094,37.52000045776367,36.33000183105469,37.220001220703125,3291900
2015-11-10,37.029998779296875,38.29999923706055,36.810001373291016,37.84000015258789,3180900
2015-11-11,37.79999923706055,37.86000061035156,36.52000045776367,36.880001068115234,4342400
2015-11-12,35.970001220703125,36.43000030517578,35.189998626708984,35.279998779296875,3917800
2015-11-13,35.150001525878906,35.310001373291016,34.25,35.20000076293945,4561600
2015-11-16,35.2400016784668,37.040000915527344,35.09000015258789,37.0,3698300
2015-11-17,35.2400016784668,37.0,35.2400016784668,36.459999084472656,3664300
2015-11-18,36.689998626708984,37.529998779296875,36.34000015258789,37.400001525878906,4017000
2015-11-19,36.959999084472656,37.15999984741211,35.97999954223633,36.599998474121094,2304400
2015-11-20,36.540000915527344,36.560001373291016,35.18000030517578,35.65999984741211,4051400
2015-11-23,35.59000015258789,36.38999938964844,35.16999816894531,36.29999923706055,4267000
2015-11-24,36.540000915527344,37.459999084472656,36.540000915527344,37.0,3725600
2015-11-25,36.599998474121094,37.369998931884766,35.86000061035156,36.939998626708984,1920500
2015-11-27,36.5099983215332,36.91999816894531,36.279998779296875,36.54999923706055,1365200
2015-11-30,36.84000015258789,37.43000030517578,36.43000030517578,36.66999816894531,2934900
2015-12-01,36.7599983215332,37.040000915527344,36.38999938964844,36.9900016784668,2621100
2015-12-02,36.63999938964844,37.02000045776367,35.18000030517578,35.41999816894531,5575200
2015-12-03,35.779998779296875,36.279998779296875,35.11000061035156,35.47999954223633,3860600
2015-12-04,34.95000076293945,35.08000183105469,33.81999969482422,33.869998931884766,5704200
2015-12-07,32.70000076293945,32.7599983215332,31.520000457763672,32.16999816894531,6987900
2015-12-08,31.329999923706055,32.56999969482422,31.1299991607666,32.29999923706055,3811200
2015-12-09,33.58000183105469,34.25,32.560001373291016,33.060001373291016,5233200
2015-12-10,32.9900016784668,34.369998931884766,32.650001525878906,34.0,4730400
2015-12-11,33.63999938964844,33.689998626708984,32.45000076293945,32.630001068115234,5740400
2015-12-14,32.400001525878906,32.56999969482422,31.049999237060547,31.75,6995000
2015-12-15,32.310001373291016,32.880001068115234,31.90999984741211,32.81999969482422,4069200
2015-12-16,32.45000076293945,33.16999816894531,31.84000015258789,32.41999816894531,4402000
2015-12-17,32.47999954223633,32.56999969482422,30.520000457763672,31.219999313354492,5759100
2015-12-18,31.170000076293945,31.899999618530273,30.959999084472656,30.959999084472656,5370900
2015-12-21,31.079999923706055,31.579999923706055,30.389999389648438,31.489999771118164,4055900
2015-12-22,31.649999618530273,32.59000015258789,31.469999313354492,32.369998931884766,4629000
2015-12-23,33.36000061035156,34.2599983215332,33.029998779296875,34.25,4231500
2015-12-24,34.25,34.369998931884766,33.540000915527344,34.09000015258789,1288800
2015-12-28,33.290000915527344,33.47999954223633,32.68000030517578,33.02000045776367,2890900
2015-12-29,33.88999938964844,33.970001220703125,33.13999938964844,33.400001525878906,2481500
2015-12-30,32.81999969482422,33.59000015258789,31.700000762939453,32.220001220703125,4394500
2015-12-31,31.90999984741211,33.2599983215332,31.610000610351562,32.93000030517578,3828800
2016-01-04,32.63999938964844,33.54999923706055,32.40999984741211,33.5,4321700
2016-01-05,33.439998626708984,33.869998931884766,32.970001220703125,33.650001525878906,4027200
2016-01-06,32.720001220703125,32.720001220703125,31.530000686645508,31.690000534057617,5893300
2016-01-07,31.190000534057617,32.66999816894531,30.639999389648438,30.889999389648438,5508600
2016-01-08,31.1299991607666,31.3700008392334,30.389999389648438,30.829999923706055,4062700
2016-01-11,30.84000015258789,30.989999771118164,28.690000534057617,28.989999771118164,6406700
2016-01-12,29.450000762939453,29.549999237060547,27.34000015258789,28.600000381469727,7032700
2016-01-13,29.1200008392334,29.639999389648438,27.770000457763672,27.940000534057617,6731500
2016-01-14,28.34000015258789,29.219999313354492,27.56999969482422,29.06999969482422,7228500
2016-01-15,27.649999618530273,28.31999969482422,26.760000228881836,27.6299991607666,6643200
2016-01-19,27.889999389648438,28.0,25.219999313354492,25.81999969482422,7155200
2016-01-20,25.15999984741211,26.1200008392334,23.770000457763672,25.719999313354492,8345800
2016-01-21,26.1299991607666,28.709999084472656,25.799999237060547,28.389999389648438,7597200
2016-01-22,29.690000534057617,30.219999313354492,28.139999389648438,29.030000686645508,6668900
2016-01-25,28.200000762939453,29.350000381469727,27.239999771118164,27.270000457763672,5457100
2016-01-26,27.950000762939453,28.829999923706055,27.170000076293945,28.760000228881836,5767600
2016-01-27,28.450000762939453,30.43000030517578,28.190000534057617,29.8700008392334,10647800
2016-01-28,31.40999984741211,31.510000228881836,29.8799991607666,30.969999313354492,5445700
2016-01-29,31.18000030517578,32.630001068115234,31.15999984741211,32.369998931884766,7390800
2016-02-01,31.709999084472656,32.130001068115234,30.950000762939453,31.649999618530273,4417300
2016-02-02,30.610000610351562,31.260000228881836,29.969999313354492,30.670000076293945,3882400
2016-02-03,31.40999984741211,32.2599983215332,29.969999313354492,32.2400016784668,5280000
2016-02-04,32.5099983215332,33.040000915527344,31.270000457763672,31.3799991607666,6135800
2016-02-05,30.940000534057617,30.940000534057617,28.610000610351562,29.260000228881836,8960600
2016-02-08,28.579999923706055,28.639999389648438,27.219999313354492,28.360000610351562,7756900
2016-02-09,27.739999771118164,28.469999313354492,27.0,27.860000610351562,7705600
2016-02-10,27.8799991607666,28.940000534057617,27.440000534057617,28.09000015258789,6096400
2016-02-11,27.5,28.170000076293945,26.709999084472656,27.90999984741211,5922900
2016-02-12,28.600000381469727,29.31999969482422,28.280000686645508,28.729999542236328,5051900
2016-02-16,29.610000610351562,29.610000610351562,28.270000457763672,28.639999389648438,5664300
2016-02-17,29.40999984741211,31.1299991607666,29.239999771118164,30.420000076293945,8360100
2016-02-18,30.770000457763672,30.770000457763672,28.360000610351562,29.18000030517578,6660500
2016-02-19,28.829999923706055,29.860000610351562,28.3700008392334,29.850000381469727,5409800
2016-02-22,30.770000457763672,31.989999771118164,30.770000457763672,31.6200008392334,4736500
2016-02-23,31.219999313354492,31.3700008392334,29.770000457763672,29.889999389648438,4059100
2016-02-24,28.860000610351562,30.049999237060547,28.760000228881836,29.84000015258789,3971000
2016-02-25,29.709999084472656,30.56999969482422,29.139999389648438,30.260000228881836,2837600
2016-02-26,31.049999237060547,31.09000015258789,29.600000381469727,29.729999542236328,6388000
2016-02-29,29.799999237060547,30.540000915527344,28.809999465942383,29.5,5073100
2016-03-01,29.670000076293945,29.670000076293945,27.850000381469727,29.190000534057617,6028500
2016-03-02,29.1299991607666,31.06999969482422,28.940000534057617,31.049999237060547,4186300
2016-03-03,30.889999389648438,31.940000534057617,30.510000228881836,31.8700008392334,6905200
2016-03-04,32.33000183105469,33.56999969482422,31.889999389648438,32.43000030517578,6897600
2016-03-07,32.380001068115234,33.040000915527344,31.399999618530273,32.709999084472656,7496700
2016-03-08,32.150001525878906,32.18000030517578,30.600000381469727,30.75,5172200
2016-03-09,31.350000381469727,32.38999938964844,30.459999084472656,32.060001373291016,4240100
2016-03-10,31.780000686645508,32.119998931884766,31.030000686645508,31.979999542236328,3224400
2016-03-11,32.75,33.86000061035156,32.7400016784668,33.540000915527344,4167100
2016-03-14,32.790000915527344,33.54999923706055,32.59000015258789,33.220001220703125,2850800
2016-03-15,32.56999969482422,32.779998779296875,31.920000076293945,32.4900016784668,4868600
2016-03-16,32.75,33.95000076293945,32.68000030517578,33.790000915527344,4129900
2016-03-17,34.27000045776367,34.41999816894531,33.04999923706055,34.060001373291016,4467900
2016-03-18,34.47999954223633,34.9900016784668,33.810001373291016,34.470001220703125,6001500
2016-03-21,34.20000076293945,35.040000915527344,33.68000030517578,34.15999984741211,3266500
2016-03-22,33.810001373291016,34.529998779296875,33.63999938964844,33.7400016784668,2983900
2016-03-23,33.33000183105469,33.459999084472656,32.279998779296875,32.54999923706055,2938700
2016-03-24,31.8700008392334,32.380001068115234,31.200000762939453,32.34000015258789,3556800
2016-03-28,31.540000915527344,31.760000228881836,29.239999771118164,29.690000534057617,10586800
2016-03-29,29.110000610351562,30.15999984741211,28.81999969482422,30.049999237060547,5605600
2016-03-30,30.56999969482422,31.06999969482422,30.110000610351562,30.780000686645508,5048300
2016-03-31,30.709999084472656,31.68000030517578,30.3700008392334,31.40999984741211,4078600
2016-04-01,30.559999465942383,31.149999618530273,30.43000030517578,30.860000610351562,4394900
2016-04-04,31.219999313354492,31.530000686645508,29.940000534057617,30.0,3246500
2016-04-05,29.56999969482422,30.549999237060547,29.469999313354492,30.170000076293945,3766100
2016-04-06,30.549999237060547,31.489999771118164,30.260000228881836,31.260000228881836,3585700
2016-04-07,30.940000534057617,31.450000762939453,30.579999923706055,31.010000228881836,2784500
2016-04-08,31.950000762939453,32.27000045776367,31.399999618530273,31.760000228881836,3046700
2016-04-11,32.09000015258789,32.59000015258789,32.08000183105469,32.22999954223633,3460100
2016-04-12,32.529998779296875,34.0099983215332,31.950000762939453,33.63999938964844,4522300
2016-04-13,33.720001220703125,33.77000045776367,32.7400016784668,32.95000076293945,4371200
2016-04-14,33.18000030517578,33.220001220703125,32.56999969482422,33.06999969482422,3646100
2016-04-15,32.70000076293945,32.77000045776367,31.979999542236328,32.150001525878906,2638500
2016-04-18,31.040000915527344,32.599998474121094,30.860000610351562,32.56999969482422,5773800
2016-04-19,32.9900016784668,34.630001068115234,32.779998779296875,34.34000015258789,5531800
2016-04-20,34.0,35.11000061035156,33.63999938964844,34.720001220703125,4599100
2016-04-21,34.83000183105469,35.59000015258789,34.20000076293945,35.20000076293945,5991100
2016-04-22,35.279998779296875,36.20000076293945,35.279998779296875,36.040000915527344,4171600
2016-04-25,35.81999969482422,35.91999816894531,34.599998474121094,35.08000183105469,4238800
2016-04-26,35.54999923706055,36.5,35.04999923706055,36.4900016784668,5149900
2016-04-27,36.88999938964844,37.56999969482422,36.279998779296875,37.11000061035156,4257600
2016-04-28,36.7400016784668,37.09000015258789,35.65999984741211,35.75,4344100
2016-04-29,36.040000915527344,36.58000183105469,35.119998931884766,36.11000061035156,4901500
2016-05-02,36.0,36.91999816894531,35.529998779296875,36.439998626708984,3789600
2016-05-03,35.72999954223633,36.060001373291016,35.06999969482422,35.209999084472656,4132900
2016-05-04,36.060001373291016,37.34000015258789,35.02000045776367,35.59000015258789,5505300
2016-05-05,36.31999969482422,36.790000915527344,34.70000076293945,35.16999816894531,6682000
2016-05-06,34.959999084472656,35.939998626708984,34.939998626708984,35.5,3616800
2016-05-09,35.099998474121094,35.52000045776367,34.630001068115234,35.2400016784668,2927600
2016-05-10,35.439998626708984,36.36000061035156,35.40999984741211,36.349998474121094,4340400
2016-05-11,36.310001373291016,37.11000061035156,35.91999816894531,36.38999938964844,3049200
2016-05-12,36.970001220703125,37.47999954223633,36.130001068115234,36.369998931884766,3752000
2016-05-13,36.15999984741211,36.349998474121094,35.099998474121094,35.209999084472656,2950700
2016-05-16,35.959999084472656,36.58000183105469,35.81999969482422,36.119998931884766,3597800
2016-05-17,36.150001525878906,36.43000030517578,35.5,36.02000045776367,4182300
2016-05-18,36.06999969482422,36.529998779296875,34.959999084472656,35.2599983215332,4871700
2016-05-19,34.66999816894531,35.04999923706055,34.150001525878906,34.849998474121094,3513900
2016-05-20,35.18000030517578,35.720001220703125,34.869998931884766,35.619998931884766,3563000
2016-05-23,35.369998931884766,36.09000015258789,35.060001373291016,35.70000076293945,3504200
2016-05-24,35.939998626708984,36.06999969482422,35.209999084472656,35.33000183105469,3895600
2016-05-25,35.93000030517578,36.790000915527344,35.7599983215332,36.279998779296875,3766600
2016-05-26,36.59000015258789,36.65999984741211,35.540000915527344,35.63999938964844,5295100
2016-05-27,35.400001525878906,35.91999816894531,34.81999969482422,35.880001068115234,3629700
2016-05-31,36.13999938964844,36.58000183105469,35.52000045776367,35.75,2561500
2016-06-01,34.959999084472656,35.52000045776367,34.7400016784668,35.47999954223633,3588500
2016-06-02,35.189998626708984,35.5,35.04999923706055,35.439998626708984,3695300
2016-06-03,35.4900016784668,35.70000076293945,34.52000045776367,34.650001525878906,3206900
2016-06-06,35.18000030517578,35.959999084472656,34.90999984741211,35.95000076293945,3563900
2016-06-07,36.290000915527344,37.529998779296875,36.119998931884766,37.4900016784668,4877000
2016-06-08,37.95000076293945,38.619998931884766,37.59000015258789,37.720001220703125,4860800
2016-06-09,37.06999969482422,37.84000015258789,36.880001068115234,37.47999954223633,3554600
2016-06-10,36.900001525878906,37.209999084472656,36.369998931884766,36.52000045776367,4164800
2016-06-13,36.119998931884766,36.88999938964844,35.9900016784668,36.16999816894531,3501400
2016-06-14,36.029998779296875,36.709999084472656,36.029998779296875,36.66999816894531,3279800
2016-06-15,36.36000061035156,37.18000030517578,36.16999816894531,36.52000045776367,3631000
2016-06-16,36.20000076293945,36.2400016784668,35.16999816894531,35.900001525878906,4120700
2016-06-17,36.18000030517578,36.95000076293945,36.18000030517578,36.900001525878906,3921300
2016-06-20,37.70000076293945,37.84000015258789,36.72999954223633,36.75,3250900
2016-06-21,36.619998931884766,36.91999816894531,36.150001525878906,36.869998931884766,3347200
2016-06-22,37.08000183105469,37.08000183105469,36.290000915527344,36.790000915527344,3481600
2016-06-23,37.029998779296875,37.16999816894531,36.689998626708984,36.95000076293945,4071900
2016-06-24,35.04999923706055,35.970001220703125,34.880001068115234,35.09000015258789,3765200
2016-06-27,34.869998931884766,35.209999084472656,33.779998779296875,33.9900016784668,4045400
2016-06-28,34.689998626708984,35.11000061035156,34.33000183105469,35.06999969482422,3416400
2016-06-29,35.560001373291016,36.58000183105469,35.33000183105469,36.310001373291016,3136600
2016-06-30,36.36000061035156,36.36000061035156,35.439998626708984,35.869998931884766,3147400
2016-07-01,35.900001525878906,36.63999938964844,35.70000076293945,36.290000915527344,2532100
2016-07-05,35.54999923706055,35.79999923706055,35.189998626708984,35.68000030517578,3408200
2016-07-06,35.56999969482422,36.27000045776367,35.43000030517578,36.2400016784668,3094300
2016-07-07,36.599998474121094,37.09000015258789,35.77000045776367,36.130001068115234,4224500
2016-07-08,36.77000045776367,36.90999984741211,35.5099983215332,35.97999954223633,2996600
2016-07-11,36.16999816894531,36.52000045776367,35.91999816894531,35.959999084472656,2307300
2016-07-12,36.630001068115234,37.40999984741211,36.560001373291016,37.119998931884766,2967300
2016-07-13,37.18000030517578,37.279998779296875,35.849998474121094,36.560001373291016,2091100
2016-07-14,37.16999816894531,37.189998626708984,36.40999984741211,36.650001525878906,1835900
2016-07-15,36.790000915527344,37.150001525878906,36.630001068115234,36.79999923706055,1899900
2016-07-18,36.720001220703125,37.220001220703125,36.560001373291016,36.88999938964844,2324300
2016-07-19,36.68000030517578,36.79999923706055,36.189998626708984,36.369998931884766,1913200
2016-07-20,36.02000045776367,36.380001068115234,35.529998779296875,36.02000045776367,2525700
2016-07-21,36.02000045776367,36.56999969482422,35.189998626708984,35.25,2224500
2016-07-22,35.45000076293945,35.45000076293945,34.77000045776367,35.029998779296875,2636000
2016-07-25,34.65999984741211,34.84000015258789,33.9900016784668,34.5,2587800
2016-07-26,34.310001373291016,34.93000030517578,34.04999923706055,34.90999984741211,2508300
2016-07-27,35.0099983215332,35.5,34.31999969482422,34.849998474121094,4037800
2016-07-28,34.75,35.540000915527344,34.65999984741211,35.22999954223633,4068900
2016-07-29,34.810001373291016,35.790000915527344,34.689998626708984,35.720001220703125,3814600
2016-08-01,35.290000915527344,35.310001373291016,34.29999923706055,34.38999938964844,4012600
2016-08-02,34.59000015258789,34.959999084472656,33.88999938964844,34.45000076293945,5320800
2016-08-03,34.560001373291016,34.650001525878906,33.20000076293945,34.04999923706055,8056500
2016-08-04,33.790000915527344,34.04999923706055,33.04999923706055,33.20000076293945,5575700
2016-08-05,33.13999938964844,33.5,32.709999084472656,33.349998474121094,5798000
2016-08-08,33.75,34.2400016784668,33.38999938964844,33.47999954223633,6411000
2016-08-09,33.70000076293945,34.36000061035156,32.90999984741211,34.029998779296875,6194400
2016-08-10,34.099998474121094,34.5099983215332,33.79999923706055,33.849998474121094,3131500
2016-08-11,34.11000061035156,35.220001220703125,33.939998626708984,34.91999816894531,3326200
2016-08-12,35.0,35.369998931884766,34.650001525878906,35.18000030517578,2295500
2016-08-15,35.31999969482422,35.529998779296875,35.09000015258789,35.36000061035156,2097600
2016-08-16,35.20000076293945,36.04999923706055,34.720001220703125,35.84000015258789,3206000
2016-08-17,35.75,35.86000061035156,35.439998626708984,35.58000183105469,2200600
2016-08-18,35.810001373291016,36.16999816894531,35.560001373291016,35.95000076293945,9232100
2016-08-19,35.790000915527344,36.209999084472656,35.45000076293945,36.11000061035156,3058600
2016-08-22,35.66999816894531,35.83000183105469,35.189998626708984,35.56999969482422,3054400
2016-08-23,35.4900016784668,35.93000030517578,35.33000183105469,35.709999084472656,2401900
2016-08-24,35.47999954223633,36.119998931884766,35.29999923706055,35.75,3190900
2016-08-25,35.66999816894531,35.970001220703125,35.470001220703125,35.7400016784668,2323400
2016-08-26,35.75,36.060001373291016,35.040000915527344,35.34000015258789,2540400
2016-08-29,35.27000045776367,36.0,35.060001373291016,35.9900016784668,2447000
2016-08-30,36.0099983215332,36.209999084472656,35.54999923706055,35.630001068115234,2407400
2016-08-31,35.36000061035156,35.56999969482422,34.380001068115234,34.47999954223633,3152700
2016-09-01,34.2400016784668,34.56999969482422,33.619998931884766,33.849998474121094,4606700
2016-09-02,34.2400016784668,34.400001525878906,33.970001220703125,34.25,7070200
2016-09-06,34.36000061035156,35.060001373291016,34.22999954223633,35.060001373291016,4314400
2016-09-07,35.2400016784668,35.68000030517578,35.06999969482422,35.529998779296875,3601600
2016-09-08,35.88999938964844,37.5,35.79999923706055,37.25,4873000
2016-09-09,36.849998474121094,37.25,36.08000183105469,36.08000183105469,4111200
2016-09-12,35.849998474121094,36.869998931884766,35.470001220703125,36.63999938964844,3568400
2016-09-13,35.9900016784668,36.040000915527344,34.54999923706055,34.75,3824100
2016-09-14,34.56999969482422,34.97999954223633,33.689998626708984,33.869998931884766,3337000
2016-09-15,34.040000915527344,34.58000183105469,33.869998931884766,33.91999816894531,2854500
2016-09-16,33.27000045776367,33.880001068115234,33.27000045776367,33.79999923706055,4003300
2016-09-19,34.099998474121094,34.22999954223633,33.2400016784668,33.540000915527344,2934200
2016-09-20,33.40999984741211,33.5099983215332,33.02000045776367,33.099998474121094,2189200
2016-09-21,33.5,33.9900016784668,33.29999923706055,33.91999816894531,3237100
2016-09-22,34.4900016784668,34.66999816894531,33.72999954223633,34.029998779296875,2514400
2016-09-23,33.790000915527344,33.91999816894531,32.77000045776367,33.02000045776367,2683100
2016-09-26,33.619998931884766,34.31999969482422,33.5,33.619998931884766,3140700
2016-09-27,33.099998474121094,33.29999923706055,32.790000915527344,33.189998626708984,3262200
2016-09-28,33.369998931884766,34.7599983215332,32.75,34.70000076293945,5080500
2016-09-29,34.779998779296875,35.97999954223633,34.75,35.54999923706055,5459600
2016-09-30,35.86000061035156,36.029998779296875,35.27000045776367,35.7400016784668,2500600
2016-10-03,35.90999984741211,36.15999984741211,35.2599983215332,36.09000015258789,2416400
2016-10-04,36.25,36.27000045776367,35.43000030517578,35.560001373291016,1899100
2016-10-05,36.13999938964844,36.52000045776367,35.79999923706055,36.20000076293945,3568200
2016-10-06,36.400001525878906,36.4900016784668,35.40999984741211,35.599998474121094,3370700
2016-10-07,35.540000915527344,35.779998779296875,35.25,35.34000015258789,1659500
2016-10-10,35.65999984741211,36.220001220703125,35.65999984741211,36.040000915527344,2341300
2016-10-11,35.939998626708984,36.2400016784668,35.529998779296875,35.7400016784668,5048200
2016-10-12,35.56999969482422,35.810001373291016,35.189998626708984,35.59000015258789,2379600
2016-10-13,35.209999084472656,35.810001373291016,35.0099983215332,35.45000076293945,2614800
2016-10-14,35.79999923706055,35.9900016784668,35.11000061035156,35.18000030517578,3380500
2016-10-17,35.09000015258789,35.41999816894531,34.810001373291016,35.27000045776367,2271400
2016-10-18,35.79999923706055,35.79999923706055,34.97999954223633,35.09000015258789,2206700
2016-10-19,35.400001525878906,36.63999938964844,35.369998931884766,35.90999984741211,3326900
2016-10-20,35.540000915527344,36.36000061035156,35.29999923706055,35.91999816894531,3192400
2016-10-21,35.619998931884766,35.97999954223633,35.43000030517578,35.7400016784668,2453300
2016-10-24,35.709999084472656,35.939998626708984,34.939998626708984,35.380001068115234,2304600
2016-10-25,35.18000030517578,35.58000183105469,34.2599983215332,34.279998779296875,2460900
2016-10-26,33.75,35.27000045776367,33.75,35.130001068115234,4694100
2016-10-27,35.34000015258789,36.31999969482422,35.060001373291016,35.880001068115234,3790100
2016-10-28,35.810001373291016,36.09000015258789,34.970001220703125,35.5,3274600
2016-10-31,35.380001068115234,35.470001220703125,34.31999969482422,34.470001220703125,4129400
2016-11-01,34.81999969482422,35.20000076293945,34.2400016784668,35.150001525878906,5811100
2016-11-02,35.540000915527344,37.2599983215332,35.52000045776367,36.849998474121094,6711800
2016-11-03,36.88999938964844,37.43000030517578,36.400001525878906,37.31999969482422,4002300
2016-11-04,37.189998626708984,37.70000076293945,36.66999816894531,37.08000183105469,4198300
2016-11-07,37.689998626708984,37.77000045776367,37.099998474121094,37.47999954223633,2947200
2016-11-08,37.279998779296875,37.880001068115234,37.0,37.41999816894531,2503000
2016-11-09,37.5099983215332,38.099998474121094,37.0,37.58000183105469,3560600
2016-11-10,37.130001068115234,37.79999923706055,36.880001068115234,37.31999969482422,3292500
2016-11-11,37.0099983215332,37.2599983215332,36.130001068115234,36.150001525878906,3369900
2016-11-14,35.970001220703125,36.18000030517578,34.90999984741211,36.099998474121094,5300800
2016-11-15,36.709999084472656,37.849998474121094,36.66999816894531,37.470001220703125,6998900
2016-11-16,37.40999984741211,37.900001525878906,36.54999923706055,36.61000061035156,6302800
2016-11-17,36.97999954223633,37.16999816894531,35.220001220703125,35.34000015258789,7309200
2016-11-18,35.33000183105469,35.66999816894531,34.900001525878906,35.0,6717300
2016-11-21,35.91999816894531,36.31999969482422,35.75,36.29999923706055,4281800
2016-11-22,36.380001068115234,36.439998626708984,34.90999984741211,35.7599983215332,4526300
2016-11-23,35.560001373291016,36.529998779296875,35.279998779296875,36.220001220703125,2647900
2016-11-25,36.040000915527344,36.15999984741211,35.619998931884766,35.95000076293945,1096000
2016-11-28,36.2400016784668,36.47999954223633,34.810001373291016,34.880001068115234,3050500
2016-11-29,34.16999816894531,34.93000030517578,33.90999984741211,34.66999816894531,4146000
2016-11-30,35.97999954223633,38.91999816894531,35.97999954223633,38.15999984741211,7851300
2016-12-01,39.119998931884766,40.09000015258789,38.470001220703125,38.869998931884766,6185400
2016-12-02,38.529998779296875,39.15999984741211,38.40999984741211,38.81999969482422,3524500
2016-12-05,39.290000915527344,40.380001068115234,39.189998626708984,39.5,3804500
2016-12-06,39.11000061035156,40.02000045776367,38.93000030517578,39.869998931884766,2568500
2016-12-07,39.77000045776367,39.83000183105469,38.900001525878906,39.630001068115234,4669000
2016-12-08,39.83000183105469,40.06999969482422,38.849998474121094,39.56999969482422,4676600
2016-12-09,39.380001068115234,39.529998779296875,38.68000030517578,39.29999923706055,3580500
2016-12-12,40.349998474121094,40.83000183105469,39.54999923706055,39.84000015258789,3981500
2016-12-13,40.25,41.7599983215332,39.939998626708984,41.63999938964844,6442400
2016-12-14,41.04999923706055,42.029998779296875,40.65999984741211,40.790000915527344,5792700
2016-12-15,40.5099983215332,41.2400016784668,40.209999084472656,40.90999984741211,3406400
2016-12-16,41.119998931884766,41.470001220703125,40.709999084472656,41.15999984741211,3729700
2016-12-19,41.16999816894531,41.310001373291016,39.97999954223633,40.25,3470600
2016-12-20,40.650001525878906,40.86000061035156,40.0,40.150001525878906,2726100
2016-12-21,40.36000061035156,40.459999084472656,39.4900016784668,39.599998474121094,2738900
2016-12-22,39.79999923706055,40.0,39.349998474121094,39.529998779296875,3398000
2016-12-23,39.36000061035156,39.529998779296875,39.13999938964844,39.189998626708984,1415000
2016-12-27,39.349998474121094,39.61000061035156,39.11000061035156,39.310001373291016,2454000
2016-12-28,39.310001373291016,39.4900016784668,38.70000076293945,38.79999923706055,2054200
2016-12-29,38.72999954223633,38.880001068115234,38.130001068115234,38.27000045776367,2254100
2016-12-30,38.18000030517578,38.70000076293945,37.88999938964844,38.060001373291016,2221100
2017-01-03,38.63999938964844,39.279998779296875,37.709999084472656,38.43000030517578,3738600
2017-01-04,38.29999923706055,38.540000915527344,37.56999969482422,38.33000183105469,3190700
2017-01-05,38.380001068115234,38.689998626708984,37.880001068115234,38.15999984741211,3182900
2017-01-06,38.310001373291016,38.380001068115234,37.709999084472656,38.13999938964844,2255400
2017-01-09,37.77000045776367,37.88999938964844,37.2400016784668,37.400001525878906,4008500
2017-01-10,37.56999969482422,37.630001068115234,36.970001220703125,36.9900016784668,2916800
2017-01-11,37.599998474121094,37.599998474121094,36.939998626708984,37.34000015258789,3766900
2017-01-12,37.66999816894531,37.66999816894531,36.939998626708984,37.18000030517578,3322100
2017-01-13,36.970001220703125,37.56999969482422,36.79999923706055,37.38999938964844,4352400
2017-01-17,38.33000183105469,40.84000015258789,38.29999923706055,40.04999923706055,17521500
2017-01-18,39.689998626708984,40.540000915527344,39.400001525878906,39.790000915527344,6414900
2017-01-19,39.75,40.599998474121094,39.56999969482422,40.27000045776367,5363700
2017-01-20,40.709999084472656,40.88999938964844,40.15999984741211,40.209999084472656,4074300
2017-01-23,39.779998779296875,40.380001068115234,39.65999984741211,39.77000045776367,3594900
2017-01-24,39.9900016784668,40.599998474121094,39.709999084472656,40.029998779296875,4057500
2017-01-25,40.02000045776367,40.290000915527344,39.529998779296875,39.790000915527344,5353000
2017-01-26,40.06999969482422,40.5,39.75,40.22999954223633,4669300
2017-01-27,40.099998474121094,40.470001220703125,39.95000076293945,40.27000045776367,5356600
2017-01-30,40.13999938964844,40.150001525878906,38.84000015258789,39.52000045776367,5917500
2017-01-31,39.720001220703125,39.90999984741211,39.150001525878906,39.7599983215332,4183000
2017-02-01,39.959999084472656,40.22999954223633,39.13999938964844,39.459999084472656,3844600
2017-02-02,39.52000045776367,39.84000015258789,38.79999923706055,39.72999954223633,4002800
2017-02-03,39.689998626708984,40.56999969482422,39.310001373291016,40.29999923706055,3869100
2017-02-06,40.290000915527344,40.52000045776367,39.61000061035156,39.86000061035156,2769800
2017-02-07,39.52000045776367,39.720001220703125,38.45000076293945,38.79999923706055,3969500
2017-02-08,38.470001220703125,38.70000076293945,37.65999984741211,38.25,4992800
2017-02-09,38.25,39.08000183105469,38.2400016784668,38.38999938964844,3811100
2017-02-10,38.95000076293945,39.290000915527344,38.400001525878906,38.869998931884766,3083600
2017-02-13,38.70000076293945,38.720001220703125,38.040000915527344,38.459999084472656,4755900
2017-02-14,39.5,39.599998474121094,36.93000030517578,37.650001525878906,6909700
2017-02-15,37.470001220703125,37.810001373291016,37.189998626708984,37.470001220703125,4666100
2017-02-16,37.65999984741211,37.90999984741211,37.130001068115234,37.209999084472656,3521900
2017-02-17,37.15999984741211,37.400001525878906,36.9900016784668,37.04999923706055,2770100
2017-02-21,37.54999923706055,37.81999969482422,37.310001373291016,37.540000915527344,3471900
2017-02-22,37.15999984741211,37.33000183105469,36.63999938964844,36.66999816894531,2972300
2017-02-23,37.369998931884766,37.779998779296875,37.02000045776367,37.41999816894531,5826300
2017-02-24,37.20000076293945,37.70000076293945,36.5099983215332,36.779998779296875,3665300
2017-02-27,36.91999816894531,37.099998474121094,36.54999923706055,36.75,3970400
2017-02-28,36.41999816894531,36.66999816894531,36.20000076293945,36.40999984741211,4078400
2017-03-01,36.869998931884766,37.33000183105469,36.66999816894531,37.27000045776367,3161200
2017-03-02,37.0,37.2599983215332,36.779998779296875,36.81999969482422,3451900
2017-03-03,36.91999816894531,37.22999954223633,36.650001525878906,36.709999084472656,2418100
2017-03-06,36.5,36.959999084472656,36.34000015258789,36.810001373291016,3758400
2017-03-07,36.86000061035156,36.970001220703125,35.84000015258789,35.880001068115234,3590600
2017-03-08,35.619998931884766,35.75,34.06999969482422,34.09000015258789,5928400
2017-03-09,33.900001525878906,34.72999954223633,33.56999969482422,34.630001068115234,5863900
2017-03-10,34.900001525878906,34.93000030517578,33.93000030517578,34.06999969482422,3347900
2017-03-13,34.06999969482422,34.45000076293945,33.849998474121094,34.04999923706055,5425200
2017-03-14,33.56999969482422,33.880001068115234,33.2400016784668,33.689998626708984,5597100
2017-03-15,34.13999938964844,34.4900016784668,33.709999084472656,34.40999984741211,4360600
2017-03-16,34.43000030517578,34.59000015258789,33.75,33.90999984741211,3163300
2017-03-17,34.119998931884766,34.27000045776367,33.68000030517578,33.86000061035156,6209900
2017-03-20,33.59000015258789,34.02000045776367,33.34000015258789,33.91999816894531,2833700
2017-03-21,34.0,34.09000015258789,33.119998931884766,33.33000183105469,3341000
2017-03-22,33.16999816894531,33.63999938964844,33.060001373291016,33.5099983215332,3548100
2017-03-23,33.31999969482422,33.380001068115234,32.90999984741211,32.970001220703125,6147200
2017-03-24,33.130001068115234,33.189998626708984,32.709999084472656,32.81999969482422,3722700
2017-03-27,32.36000061035156,32.93000030517578,32.33000183105469,32.849998474121094,2937700
2017-03-28,32.91999816894531,34.220001220703125,32.88999938964844,34.150001525878906,5804700
2017-03-29,34.060001373291016,34.90999984741211,34.04999923706055,34.75,5327100
2017-03-30,34.959999084472656,35.0099983215332,34.29999923706055,34.310001373291016,7355500
2017-03-31,34.310001373291016,34.709999084472656,33.91999816894531,34.34000015258789,4417000
2017-04-03,34.22999954223633,34.310001373291016,33.79999923706055,33.970001220703125,3397400
2017-04-04,34.11000061035156,34.41999816894531,33.75,34.400001525878906,3016700
2017-04-05,34.900001525878906,35.209999084472656,33.970001220703125,34.040000915527344,4475800
2017-04-06,34.349998474121094,34.849998474121094,34.18000030517578,34.689998626708984,2475500
2017-04-07,34.689998626708984,34.93000030517578,34.5099983215332,34.58000183105469,3003500
2017-04-10,34.77000045776367,35.58000183105469,34.720001220703125,35.310001373291016,3931900
2017-04-11,35.279998779296875,35.279998779296875,34.65999984741211,35.2400016784668,2970500
2017-04-12,35.189998626708984,35.7400016784668,35.029998779296875,35.2400016784668,3954400
2017-04-13,35.150001525878906,35.52000045776367,34.77000045776367,34.91999816894531,4848100
2017-04-17,35.060001373291016,35.5099983215332,34.84000015258789,35.36000061035156,4786200
2017-04-18,34.90999984741211,35.18000030517578,34.099998474121094,34.119998931884766,5262700
2017-04-19,34.290000915527344,34.349998474121094,33.529998779296875,33.619998931884766,4616400
2017-04-20,33.79999923706055,34.47999954223633,33.650001525878906,34.18000030517578,5062300
2017-04-21,33.93000030517578,34.47999954223633,33.869998931884766,34.150001525878906,3926900
2017-04-24,34.41999816894531,34.619998931884766,34.09000015258789,34.16999816894531,9717000
2017-04-25,34.29999923706055,34.540000915527344,34.119998931884766,34.43000030517578,3831100
2017-04-26,34.189998626708984,34.95000076293945,34.119998931884766,34.15999984741211,2855600
2017-04-27,33.849998474121094,33.849998474121094,32.380001068115234,32.56999969482422,10692900
2017-04-28,32.900001525878906,32.93000030517578,32.27000045776367,32.33000183105469,5116500
2017-05-01,32.18000030517578,32.380001068115234,31.8700008392334,32.29999923706055,6917200
2017-05-02,33.220001220703125,33.27000045776367,31.15999984741211,31.420000076293945,9479200
2017-05-03,30.520000457763672,30.579999923706055,29.389999389648438,30.18000030517578,19413400
2017-05-04,30.0,30.639999389648438,29.81999969482422,30.610000610351562,14074200
2017-05-05,30.6200008392334,31.149999618530273,30.510000228881836,31.030000686645508,9712000
2017-05-08,31.049999237060547,31.420000076293945,30.84000015258789,31.239999771118164,6467500
2017-05-09,31.25,31.31999969482422,30.860000610351562,31.09000015258789,7387100
2017-05-10,31.399999618530273,31.799999237060547,31.190000534057617,31.479999542236328,8127500
2017-05-11,31.719999313354492,31.799999237060547,31.290000915527344,31.34000015258789,6985900
2017-05-12,31.299999237060547,31.68000030517578,31.299999237060547,31.530000686645508,8213100
2017-05-15,32.18000030517578,32.209999084472656,31.709999084472656,31.969999313354492,7758600
2017-05-16,32.099998474121094,32.18000030517578,31.540000915527344,31.610000610351562,4627600
2017-05-17,31.610000610351562,31.899999618530273,31.239999771118164,31.360000610351562,5654400
2017-05-18,31.09000015258789,31.25,30.700000762939453,30.719999313354492,7873800
2017-05-19,31.030000686645508,31.399999618530273,30.799999237060547,31.239999771118164,7152700
2017-05-22,31.559999465942383,31.729999542236328,31.06999969482422,31.09000015258789,4891800
2017-05-23,31.110000610351562,31.18000030517578,30.549999237060547,30.809999465942383,5944800
2017-05-24,30.860000610351562,31.059999465942383,30.34000015258789,30.450000762939453,4790400
2017-05-25,30.329999923706055,30.969999313354492,29.43000030517578,29.729999542236328,7626100
2017-05-26,29.709999084472656,29.790000915527344,29.329999923706055,29.450000762939453,8855400
2017-05-30,29.15999984741211,29.280000686645508,28.93000030517578,28.969999313354492,8432400
2017-05-31,28.540000915527344,28.899999618530273,28.290000915527344,28.690000534057617,6778700
2017-06-01,28.709999084472656,29.399999618530273,28.549999237060547,29.030000686645508,6170900
2017-06-02,28.84000015258789,28.950000762939453,28.399999618530273,28.510000228881836,4435200
2017-06-05,28.420000076293945,28.8799991607666,28.3799991607666,28.68000030517578,6230200
2017-06-06,28.950000762939453,29.360000610351562,28.6200008392334,29.110000610351562,5861200
2017-06-07,28.950000762939453,29.3700008392334,28.1299991607666,28.450000762939453,6746200
2017-06-08,28.450000762939453,28.6200008392334,27.920000076293945,27.940000534057617,4374800
2017-06-09,27.969999313354492,29.219999313354492,27.969999313354492,29.1200008392334,5456100
2017-06-12,29.5,30.020000457763672,29.450000762939453,29.68000030517578,8305400
2017-06-13,29.709999084472656,30.190000534057617,29.639999389648438,30.190000534057617,4110100
2017-06-14,29.93000030517578,30.0,29.309999465942383,29.6299991607666,4098500
2017-06-15,29.530000686645508,30.1200008392334,29.520000457763672,29.719999313354492,7709600
2017-06-16,29.8799991607666,29.920000076293945,29.190000534057617,29.5,15470800
2017-06-19,29.450000762939453,29.600000381469727,29.170000076293945,29.200000762939453,4047300
2017-06-20,28.770000457763672,28.790000915527344,28.149999618530273,28.5,6570000
2017-06-21,28.110000610351562,28.459999084472656,27.719999313354492,28.1200008392334,7812900
2017-06-22,28.139999389648438,28.260000228881836,27.65999984741211,27.760000228881836,4064100
2017-06-23,27.790000915527344,28.34000015258789,27.670000076293945,28.200000762939453,6950900
2017-06-26,28.270000457763672,28.75,28.110000610351562,28.270000457763672,5658300
2017-06-27,28.479999542236328,28.59000015258789,27.760000228881836,27.780000686645508,6626700
2017-06-28,27.8700008392334,28.299999237060547,27.709999084472656,28.020000457763672,4118200
2017-06-29,28.139999389648438,28.8799991607666,28.110000610351562,28.649999618530273,7841200
2017-06-30,28.860000610351562,28.940000534057617,28.290000915527344,28.299999237060547,6501300
2017-07-03,28.469999313354492,29.049999237060547,28.40999984741211,28.93000030517578,3050100
2017-07-05,28.6299991607666,28.729999542236328,28.010000228881836,28.06999969482422,3975100
2017-07-06,28.219999313354492,28.3700008392334,27.100000381469727,27.15999984741211,4697300
2017-07-07,27.0,27.09000015258789,26.559999465942383,27.0,4611500
2017-07-10,26.969999313354492,27.860000610351562,26.969999313354492,27.729999542236328,4320100
2017-07-11,27.739999771118164,28.110000610351562,27.549999237060547,27.68000030517578,5341800
2017-07-12,28.010000228881836,28.100000381469727,27.59000015258789,27.84000015258789,6608100
2017-07-13,27.81999969482422,28.280000686645508,27.780000686645508,28.200000762939453,3611100
2017-07-14,28.18000030517578,28.389999389648438,28.06999969482422,28.260000228881836,3601700
2017-07-17,28.260000228881836,28.899999618530273,28.209999084472656,28.700000762939453,3588400
2017-07-18,28.90999984741211,29.040000915527344,28.290000915527344,28.350000381469727,3881900
2017-07-19,28.25,29.809999465942383,28.209999084472656,29.709999084472656,4608700
2017-07-20,29.950000762939453,30.059999465942383,28.700000762939453,28.729999542236328,3799400
2017-07-21,28.690000534057617,28.739999771118164,28.190000534057617,28.3799991607666,3760400
2017-07-24,28.469999313354492,28.59000015258789,28.139999389648438,28.18000030517578,2278600
2017-07-25,28.600000381469727,29.43000030517578,28.600000381469727,29.020000457763672,3519400
2017-07-26,29.290000915527344,29.34000015258789,28.6200008392334,28.639999389648438,5085800
2017-07-27,28.610000610351562,29.15999984741211,28.489999771118164,29.149999618530273,3339100
2017-07-28,29.110000610351562,29.579999923706055,28.729999542236328,29.0,5886600
2017-07-31,29.0,29.229999542236328,28.68000030517578,28.90999984741211,3247800
2017-08-01,28.81999969482422,28.81999969482422,28.350000381469727,28.420000076293945,2991800
2017-08-02,28.299999237060547,28.399999618530273,27.829999923706055,28.139999389648438,4597200
2017-08-03,27.399999618530273,27.700000762939453,25.229999542236328,25.889999389648438,9546900
2017-08-04,25.65999984741211,26.049999237060547,25.459999084472656,25.920000076293945,7544400
2017-08-07,25.790000915527344,25.790000915527344,25.149999618530273,25.540000915527344,5138800
2017-08-08,25.3799991607666,25.709999084472656,25.270000457763672,25.389999389648438,7152100
2017-08-09,25.520000457763672,25.700000762939453,25.100000381469727,25.280000686645508,5478300
2017-08-10,25.450000762939453,25.700000762939453,24.84000015258789,24.920000076293945,5916300
2017-08-11,24.959999084472656,25.190000534057617,24.6299991607666,24.649999618530273,4006400
2017-08-14,24.709999084472656,24.850000381469727,24.530000686645508,24.59000015258789,5042400
2017-08-15,24.489999771118164,24.700000762939453,24.25,24.56999969482422,3438600
2017-08-16,24.600000381469727,24.65999984741211,23.700000762939453,23.760000228881836,5175300
2017-08-17,23.670000076293945,24.030000686645508,23.010000228881836,23.020000457763672,7527000
2017-08-18,23.049999237060547,23.809999465942383,23.010000228881836,23.649999618530273,6508000
2017-08-21,23.520000457763672,23.799999237060547,23.40999984741211,23.540000915527344,4260700
2017-08-22,23.639999389648438,23.760000228881836,23.399999618530273,23.489999771118164,4881500
2017-08-23,23.489999771118164,24.010000228881836,23.360000610351562,23.719999313354492,3032600
2017-08-24,23.59000015258789,23.690000534057617,23.450000762939453,23.540000915527344,3315400
2017-08-25,23.649999618530273,23.809999465942383,23.489999771118164,23.649999618530273,2207900
2017-08-28,23.739999771118164,23.780000686645508,22.989999771118164,23.40999984741211,3843500
2017-08-29,23.040000915527344,23.690000534057617,23.0,23.579999923706055,4851300
2017-08-30,23.40999984741211,23.809999465942383,23.139999389648438,23.719999313354492,4218900
2017-08-31,23.940000534057617,24.030000686645508,23.649999618530273,23.770000457763672,5628900
2017-09-01,23.780000686645508,24.360000610351562,23.59000015258789,24.219999313354492,3846900
2017-09-05,24.459999084472656,24.68000030517578,24.059999465942383,24.360000610351562,4740800
2017-09-06,24.610000610351562,25.43000030517578,24.59000015258789,25.219999313354492,6715600
2017-09-07,25.1299991607666,25.3799991607666,24.700000762939453,25.170000076293945,4415200
2017-09-08,25.06999969482422,25.219999313354492,24.3799991607666,24.6200008392334,6080400
2017-09-11,24.690000534057617,25.1299991607666,24.670000076293945,25.040000915527344,4915000
2017-09-12,25.059999465942383,25.479999542236328,24.959999084472656,25.110000610351562,5178500
2017-09-13,25.200000762939453,26.0,25.200000762939453,25.989999771118164,8264400
2017-09-14,26.1299991607666,26.579999923706055,25.920000076293945,25.979999542236328,8439800
2017-09-15,25.979999542236328,26.1200008392334,25.850000381469727,26.049999237060547,12220700
2017-09-18,25.90999984741211,26.219999313354492,25.809999465942383,26.09000015258789,6198600
2017-09-19,26.209999084472656,26.530000686645508,26.139999389648438,26.420000076293945,7287500
2017-09-20,26.559999465942383,26.90999984741211,26.43000030517578,26.84000015258789,5593300
2017-09-21,26.770000457763672,26.969999313354492,26.510000228881836,26.950000762939453,5349500
2017-09-22,26.790000915527344,27.100000381469727,26.75,27.020000457763672,4395200
2017-09-25,27.350000381469727,27.989999771118164,27.139999389648438,27.760000228881836,5937900
2017-09-26,27.639999389648438,27.950000762939453,27.389999389648438,27.889999389648438,3728700
2017-09-27,28.059999465942383,28.3799991607666,27.6299991607666,28.309999465942383,4559800
2017-09-28,28.309999465942383,28.610000610351562,27.760000228881836,28.309999465942383,6043500
2017-09-29,28.149999618530273,28.40999984741211,28.059999465942383,28.360000610351562,3180800
2017-10-02,27.8799991607666,28.43000030517578,27.540000915527344,28.299999237060547,5797000
2017-10-03,28.299999237060547,28.299999237060547,27.8799991607666,28.209999084472656,4600800
2017-10-04,28.34000015258789,28.6299991607666,28.1200008392334,28.329999923706055,4546100
2017-10-05,28.479999542236328,28.920000076293945,28.350000381469727,28.84000015258789,4515700
2017-10-06,28.479999542236328,28.59000015258789,28.190000534057617,28.309999465942383,3912900
2017-10-09,28.399999618530273,28.510000228881836,27.950000762939453,28.049999237060547,5000700
2017-10-10,27.940000534057617,28.389999389648438,27.469999313354492,27.540000915527344,5760000
2017-10-11,27.56999969482422,27.84000015258789,27.219999313354492,27.790000915527344,4129400
2017-10-12,27.469999313354492,27.549999237060547,27.110000610351562,27.290000915527344,3784000
2017-10-13,27.639999389648438,27.65999984741211,27.1299991607666,27.149999618530273,2875900
2017-10-16,27.399999618530273,27.899999618530273,27.34000015258789,27.899999618530273,4093100
2017-10-17,27.920000076293945,28.350000381469727,27.65999984741211,27.739999771118164,4778100
2017-10-18,27.809999465942383,28.3799991607666,27.760000228881836,27.8799991607666,4901200
2017-10-19,27.559999465942383,28.049999237060547,27.280000686645508,27.3700008392334,3562700
2017-10-20,27.540000915527344,27.829999923706055,27.299999237060547,27.760000228881836,2907000
2017-10-23,27.950000762939453,28.010000228881836,27.270000457763672,27.299999237060547,3920400
2017-10-24,27.399999618530273,27.479999542236328,27.010000228881836,27.1299991607666,3996400
2017-10-25,27.0,27.030000686645508,26.549999237060547,26.739999771118164,4022700
2017-10-26,26.829999923706055,27.030000686645508,26.3700008392334,26.8700008392334,4505700
2017-10-27,26.709999084472656,27.959999084472656,26.540000915527344,27.950000762939453,5597400
2017-10-30,28.0,28.3799991607666,27.8700008392334,28.270000457763672,4753200
2017-10-31,27.389999389648438,28.260000228881836,27.239999771118164,27.8700008392334,5946100
2017-11-01,28.290000915527344,28.739999771118164,28.059999465942383,28.549999237060547,5590700
2017-11-02,28.489999771118164,28.59000015258789,27.43000030517578,27.850000381469727,6137700
2017-11-03,27.649999618530273,28.43000030517578,27.530000686645508,28.299999237060547,5888900
2017-11-06,28.420000076293945,29.049999237060547,28.290000915527344,29.0,6059300
2017-11-07,29.049999237060547,29.139999389648438,28.59000015258789,28.90999984741211,5245000
2017-11-08,28.920000076293945,28.920000076293945,28.190000534057617,28.43000030517578,5173600
2017-11-09,28.280000686645508,28.81999969482422,28.100000381469727,28.450000762939453,5640900
2017-11-10,28.34000015258789,28.459999084472656,27.549999237060547,28.110000610351562,3410300
2017-11-13,28.040000915527344,28.1299991607666,27.510000228881836,27.530000686645508,3316700
2017-11-14,27.3799991607666,27.489999771118164,26.639999389648438,26.670000076293945,4489300
2017-11-15,26.1200008392334,26.459999084472656,25.850000381469727,25.989999771118164,6274700
2017-11-16,25.950000762939453,26.049999237060547,25.559999465942383,25.799999237060547,4600900
2017-11-17,25.920000076293945,26.110000610351562,25.739999771118164,25.959999084472656,4017200
2017-11-20,25.8799991607666,25.950000762939453,25.530000686645508,25.760000228881836,3267200
2017-11-21,25.90999984741211,25.979999542236328,25.360000610351562,25.56999969482422,4429400
2017-11-22,25.790000915527344,26.049999237060547,25.690000534057617,25.8799991607666,3978400
2017-11-24,26.139999389648438,26.219999313354492,25.940000534057617,25.989999771118164,1312200
2017-11-27,25.780000686645508,25.920000076293945,25.459999084472656,25.540000915527344,4596300
2017-11-28,25.559999465942383,25.969999313354492,25.3799991607666,25.850000381469727,3209300
2017-11-29,25.790000915527344,26.3700008392334,25.639999389648438,25.90999984741211,3973300
2017-11-30,26.079999923706055,26.700000762939453,26.040000915527344,26.299999237060547,4845000
2017-12-01,26.6200008392334,27.469999313354492,26.469999313354492,27.0,4379500
2017-12-04,26.969999313354492,27.649999618530273,26.709999084472656,26.84000015258789,4080800
2017-12-05,26.729999542236328,26.899999618530273,26.420000076293945,26.6299991607666,4079100
2017-12-06,26.40999984741211,26.459999084472656,25.860000610351562,25.899999618530273,4328400
2017-12-07,25.920000076293945,26.209999084472656,25.790000915527344,25.899999618530273,5074300
2017-12-08,26.969999313354492,27.239999771118164,26.15999984741211,26.940000534057617,6705000
2017-12-11,26.959999084472656,27.25,26.81999969482422,26.8799991607666,5291000
2017-12-12,27.06999969482422,27.110000610351562,26.530000686645508,26.850000381469727,4181200
2017-12-13,26.850000381469727,26.90999984741211,26.450000762939453,26.690000534057617,5055500
2017-12-14,26.690000534057617,26.75,26.440000534057617,26.459999084472656,3775700
2017-12-15,26.6299991607666,26.760000228881836,25.59000015258789,25.65999984741211,7322400
2017-12-18,25.809999465942383,26.450000762939453,25.760000228881836,26.290000915527344,6092300
2017-12-19,26.690000534057617,27.5,26.479999542236328,27.229999542236328,6129500
2017-12-20,27.829999923706055,28.0,27.200000762939453,27.860000610351562,5386100
2017-12-21,27.90999984741211,28.760000228881836,27.700000762939453,28.700000762939453,5822800
2017-12-22,28.719999313354492,29.100000381469727,28.610000610351562,28.790000915527344,4073500
2017-12-26,28.889999389648438,29.549999237060547,28.790000915527344,29.540000915527344,3087600
2017-12-27,29.520000457763672,29.579999923706055,29.18000030517578,29.209999084472656,2317200
2017-12-28,29.219999313354492,29.43000030517578,29.1299991607666,29.329999923706055,2259600
2017-12-29,29.420000076293945,29.450000762939453,28.889999389648438,29.139999389648438,2939500
2018-01-02,29.399999618530273,30.209999084472656,29.31999969482422,30.190000534057617,3863200
2018-01-03,30.389999389648438,31.860000610351562,30.219999313354492,31.010000228881836,6995300
2018-01-04,31.09000015258789,31.899999618530273,30.920000076293945,31.719999313354492,5690900
2018-01-05,31.610000610351562,31.760000228881836,31.290000915527344,31.5,3350000
2018-01-08,31.479999542236328,31.68000030517578,31.280000686645508,31.68000030517578,3130100
2018-01-09,31.799999237060547,31.799999237060547,31.18000030517578,31.270000457763672,2923600
2018-01-10,31.489999771118164,31.719999313354492,31.18000030517578,31.34000015258789,3306700
2018-01-11,31.510000228881836,32.5,31.290000915527344,32.13999938964844,3882700
2018-01-12,32.25,32.58000183105469,31.81999969482422,32.22999954223633,4255600
2018-01-16,32.470001220703125,32.599998474121094,31.65999984741211,31.670000076293945,4399500
2018-01-17,31.899999618530273,32.13999938964844,31.389999389648438,31.889999389648438,2258800
2018-01-18,31.549999237060547,32.04999923706055,31.239999771118164,31.6299991607666,3524100
2018-01-19,31.3799991607666,31.709999084472656,31.040000915527344,31.690000534057617,3982800
2018-01-22,31.809999465942383,32.959999084472656,31.809999465942383,32.939998626708984,5122800
2018-01-23,33.0,33.310001373291016,32.540000915527344,33.130001068115234,3978900
2018-01-24,33.20000076293945,33.459999084472656,32.7599983215332,33.09000015258789,4622600
2018-01-25,33.27000045776367,33.31999969482422,32.45000076293945,32.619998931884766,4399200
2018-01-26,32.66999816894531,32.939998626708984,32.40999984741211,32.54999923706055,3716900
2018-01-29,32.36000061035156,32.709999084472656,32.029998779296875,32.130001068115234,3345600
2018-01-30,31.690000534057617,31.75,30.280000686645508,30.399999618530273,6279700
2018-01-31,30.469999313354492,30.65999984741211,29.84000015258789,30.520000457763672,5809200
2018-02-01,30.600000381469727,31.190000534057617,30.329999923706055,30.889999389648438,4720500
2018-02-02,30.200000762939453,30.489999771118164,29.100000381469727,29.200000762939453,6180300
2018-02-05,28.459999084472656,29.469999313354492,27.809999465942383,27.969999313354492,7671600
2018-02-06,27.3700008392334,28.329999923706055,27.06999969482422,28.170000076293945,8064600
2018-02-07,28.09000015258789,28.6299991607666,27.06999969482422,27.079999923706055,6199600
2018-02-08,27.190000534057617,27.40999984741211,25.43000030517578,25.43000030517578,9041800
2018-02-09,25.670000076293945,26.010000228881836,24.290000915527344,25.68000030517578,12053600
2018-02-12,26.059999465942383,26.559999465942383,25.510000228881836,25.969999313354492,7218100
2018-02-13,25.68000030517578,25.93000030517578,25.280000686645508,25.530000686645508,4237000
2018-02-14,25.15999984741211,26.520000457763672,25.040000915527344,26.459999084472656,9043800
2018-02-15,27.239999771118164,27.479999542236328,26.149999618530273,26.3700008392334,9613700
2018-02-16,26.170000076293945,26.520000457763672,25.989999771118164,26.280000686645508,6180700
2018-02-20,27.3799991607666,29.540000915527344,27.260000228881836,29.1200008392334,16320400
2018-02-21,29.3799991607666,30.190000534057617,29.020000457763672,29.1299991607666,10846300
2018-02-22,29.399999618530273,30.229999542236328,29.229999542236328,29.389999389648438,8716600
2018-02-23,29.59000015258789,30.780000686645508,29.549999237060547,30.65999984741211,5323100
2018-02-26,30.90999984741211,31.68000030517578,30.850000381469727,31.43000030517578,7183400
2018-02-27,31.239999771118164,31.75,30.139999389648438,30.190000534057617,6184500
2018-02-28,30.399999618530273,30.600000381469727,29.799999237060547,29.829999923706055,5074300
2018-03-01,29.90999984741211,30.510000228881836,29.850000381469727,30.049999237060547,5815400
2018-03-02,29.959999084472656,30.540000915527344,29.110000610351562,30.440000534057617,5070300
2018-03-05,30.139999389648438,31.110000610351562,30.1299991607666,30.950000762939453,4254700
2018-03-06,31.06999969482422,31.219999313354492,30.549999237060547,30.690000534057617,3049600
2018-03-07,30.40999984741211,31.059999465942383,30.389999389648438,30.719999313354492,4261800
2018-03-08,30.809999465942383,30.940000534057617,30.280000686645508,30.68000030517578,3110000
2018-03-09,31.020000457763672,31.469999313354492,31.010000228881836,31.079999923706055,4448000
2018-03-12,31.049999237060547,31.399999618530273,30.700000762939453,30.8799991607666,4877100
2018-03-13,31.100000381469727,31.200000762939453,30.100000381469727,30.18000030517578,4244300
2018-03-14,30.34000015258789,30.479999542236328,29.610000610351562,29.700000762939453,4878000
2018-03-15,29.93000030517578,30.020000457763672,29.079999923706055,29.329999923706055,4056500
2018-03-16,29.329999923706055,29.780000686645508,29.15999984741211,29.399999618530273,5531800
2018-03-19,29.040000915527344,29.399999618530273,28.489999771118164,28.780000686645508,5504500
2018-03-20,29.020000457763672,29.389999389648438,29.020000457763672,29.25,4270400
2018-03-21,29.489999771118164,31.290000915527344,29.3799991607666,30.989999771118164,5715600
2018-03-22,30.510000228881836,31.059999465942383,30.40999984741211,30.549999237060547,4670500
2018-03-23,30.81999969482422,31.290000915527344,30.229999542236328,30.239999771118164,5835700
2018-03-26,30.670000076293945,30.739999771118164,29.84000015258789,30.43000030517578,4326100
2018-03-27,30.479999542236328,31.020000457763672,30.0,30.209999084472656,3896400
2018-03-28,30.329999923706055,30.56999969482422,29.280000686645508,29.360000610351562,3910200
2018-03-29,29.479999542236328,30.440000534057617,29.31999969482422,30.299999237060547,4289300
2018-04-02,29.940000534057617,30.040000915527344,28.59000015258789,29.110000610351562,4041200
2018-04-03,29.309999465942383,29.8799991607666,28.809999465942383,29.809999465942383,3523200
2018-04-04,29.229999542236328,29.799999237060547,29.040000915527344,29.709999084472656,2860300
2018-04-05,29.899999618530273,30.520000457763672,29.84000015258789,30.329999923706055,3807300
2018-04-06,30.100000381469727,30.219999313354492,28.790000915527344,29.260000228881836,3257600
2018-04-09,29.559999465942383,30.450000762939453,29.40999984741211,29.719999313354492,3939100
2018-04-10,30.25,31.270000457763672,30.149999618530273,31.139999389648438,5175600
2018-04-11,31.049999237060547,31.670000076293945,30.81999969482422,31.43000030517578,3394100
2018-04-12,31.420000076293945,31.690000534057617,31.09000015258789,31.5,2686700
2018-04-13,31.829999923706055,32.529998779296875,31.709999084472656,32.099998474121094,3239800
2018-04-16,32.11000061035156,32.20000076293945,31.770000457763672,32.0,3971500
2018-04-17,32.119998931884766,32.58000183105469,31.860000610351562,32.33000183105469,3247200
2018-04-18,32.83000183105469,34.189998626708984,32.77000045776367,33.619998931884766,5501100
2018-04-19,33.90999984741211,34.25,33.470001220703125,33.83000183105469,4499500
2018-04-20,33.88999938964844,33.95000076293945,33.279998779296875,33.77000045776367,3486700
2018-04-23,33.4900016784668,33.880001068115234,33.11000061035156,33.81999969482422,5079800
2018-04-24,33.81999969482422,34.310001373291016,33.040000915527344,33.27000045776367,4554400
2018-04-25,33.61000061035156,34.029998779296875,33.20000076293945,33.86000061035156,3460200
2018-04-26,34.0,34.529998779296875,33.75,34.06999969482422,3810800
2018-04-27,33.869998931884766,34.060001373291016,33.52000045776367,33.70000076293945,2787800
2018-04-30,33.54999923706055,34.040000915527344,33.400001525878906,33.83000183105469,4387300
2018-05-01,33.040000915527344,33.27000045776367,32.40999984741211,33.06999969482422,5662700
2018-05-02,33.0099983215332,33.66999816894531,32.95000076293945,33.06999969482422,3767300
2018-05-03,32.7400016784668,32.81999969482422,32.150001525878906,32.470001220703125,3095500
2018-05-04,32.380001068115234,32.9900016784668,32.2599983215332,32.72999954223633,3279500
2018-05-07,32.97999954223633,33.93000030517578,32.77000045776367,32.869998931884766,3056200
2018-05-08,32.880001068115234,33.61000061035156,32.2400016784668,33.439998626708984,5252300
2018-05-09,33.880001068115234,35.31999969482422,33.880001068115234,34.900001525878906,7724200
2018-05-10,35.130001068115234,35.290000915527344,34.54999923706055,35.25,4624100
2018-05-11,35.20000076293945,35.34000015258789,34.79999923706055,34.86000061035156,3442500
2018-05-14,34.93000030517578,35.4900016784668,34.91999816894531,35.2400016784668,2856000
2018-05-15,35.22999954223633,35.349998474121094,34.849998474121094,35.310001373291016,2446700
2018-05-16,35.209999084472656,35.630001068115234,34.91999816894531,35.560001373291016,2128900
2018-05-17,35.869998931884766,36.529998779296875,35.7400016784668,36.25,2918800
2018-05-18,36.279998779296875,36.5099983215332,36.099998474121094,36.22999954223633,3013800
2018-05-21,36.59000015258789,37.16999816894531,36.45000076293945,36.93000030517578,2338500
2018-05-22,36.959999084472656,37.66999816894531,36.619998931884766,36.79999923706055,6134500
2018-05-23,36.540000915527344,37.099998474121094,36.099998474121094,36.849998474121094,3870300
2018-05-24,36.130001068115234,36.65999984741211,35.970001220703125,36.56999969482422,3017900
2018-05-25,35.630001068115234,35.70000076293945,34.52000045776367,35.34000015258789,3386900
2018-05-29,34.86000061035156,35.52000045776367,34.7400016784668,35.31999969482422,3500700
2018-05-30,35.689998626708984,36.79999923706055,35.63999938964844,36.4900016784668,2968500
2018-05-31,36.060001373291016,36.5099983215332,35.65999984741211,35.70000076293945,5251400
2018-06-01,35.689998626708984,36.25,35.36000061035156,35.650001525878906,4208700
2018-06-04,35.880001068115234,36.04999923706055,34.52000045776367,34.70000076293945,5526600
2018-06-05,34.630001068115234,34.869998931884766,34.22999954223633,34.459999084472656,3431600
2018-06-06,34.56999969482422,34.849998474121094,34.0099983215332,34.45000076293945,4061200
2018-06-07,34.70000076293945,35.290000915527344,34.529998779296875,34.849998474121094,4600700
2018-06-08,34.56999969482422,34.630001068115234,33.689998626708984,34.060001373291016,6858500
2018-06-11,34.08000183105469,34.61000061035156,33.380001068115234,34.33000183105469,3997500
2018-06-12,34.38999938964844,34.88999938964844,34.099998474121094,34.279998779296875,2879300
2018-06-13,33.86000061035156,34.86000061035156,33.7400016784668,34.52000045776367,4175600
2018-06-14,34.7400016784668,34.91999816894531,34.220001220703125,34.56999969482422,5607800
2018-06-15,34.56999969482422,34.63999938964844,33.25,33.84000015258789,8294300
2018-06-18,33.939998626708984,35.5099983215332,33.88999938964844,34.97999954223633,6163300
2018-06-19,34.45000076293945,35.02000045776367,34.20000076293945,34.849998474121094,4197200
2018-06-20,35.2599983215332,35.88999938964844,35.18000030517578,35.79999923706055,3457000
2018-06-21,35.529998779296875,35.630001068115234,34.7599983215332,34.959999084472656,2885200
2018-06-22,36.11000061035156,36.91999816894531,35.900001525878906,36.08000183105469,6029200
2018-06-25,36.08000183105469,36.18000030517578,34.45000076293945,34.72999954223633,3313000
2018-06-26,34.599998474121094,35.63999938964844,34.5099983215332,35.43000030517578,3205500
2018-06-27,35.959999084472656,36.630001068115234,35.56999969482422,35.709999084472656,4372100
2018-06-28,35.970001220703125,35.970001220703125,34.720001220703125,35.099998474121094,6948600
2018-06-29,34.9900016784668,35.88999938964844,34.9900016784668,35.279998779296875,4082400
2018-07-02,34.86000061035156,35.0,33.959999084472656,33.9900016784668,4551300
2018-07-03,34.5099983215332,35.5,34.4900016784668,34.68000030517578,4428800
2018-07-05,34.869998931884766,35.5,34.70000076293945,34.849998474121094,5307800
2018-07-06,34.68000030517578,35.47999954223633,34.540000915527344,35.209999084472656,3988200
2018-07-09,35.619998931884766,36.97999954223633,35.56999969482422,36.81999969482422,5868900
2018-07-10,37.040000915527344,37.7599983215332,37.0,37.22999954223633,5226600
2018-07-11,36.880001068115234,37.0,35.630001068115234,35.869998931884766,4080600
2018-07-12,36.02000045776367,36.4900016784668,35.29999923706055,35.95000076293945,3293600
2018-07-13,35.97999954223633,36.529998779296875,35.849998474121094,36.02000045776367,3591200
2018-07-16,35.59000015258789,35.75,34.540000915527344,34.86000061035156,2883100
2018-07-17,34.70000076293945,34.70000076293945,34.0,34.45000076293945,2832300
2018-07-18,34.099998474121094,34.4900016784668,33.560001373291016,34.33000183105469,3292100
2018-07-19,34.41999816894531,35.0099983215332,34.400001525878906,34.75,2975900
2018-07-20,34.79999923706055,34.939998626708984,34.34000015258789,34.68000030517578,2187600
2018-07-23,34.88999938964844,35.09000015258789,34.47999954223633,34.58000183105469,2212900
2018-07-24,35.029998779296875,35.81999969482422,34.790000915527344,35.279998779296875,3132900
2018-07-25,35.29999923706055,35.779998779296875,34.939998626708984,35.70000076293945,2778200
2018-07-26,35.75,35.959999084472656,35.2599983215332,35.86000061035156,2564700
2018-07-27,34.900001525878906,35.97999954223633,34.900001525878906,35.34000015258789,1770900
2018-07-30,35.83000183105469,36.220001220703125,35.75,36.20000076293945,2443100
2018-07-31,36.22999954223633,36.27000045776367,35.63999938964844,36.09000015258789,2512600
2018-08-01,35.54999923706055,35.59000015258789,34.720001220703125,35.13999938964844,3675000
2018-08-02,34.95000076293945,35.9900016784668,34.75,35.83000183105469,4849800
2018-08-03,33.02000045776367,33.5,32.130001068115234,32.88999938964844,16035000
2018-08-06,32.540000915527344,32.79999923706055,31.6200008392334,32.380001068115234,7593800
2018-08-07,32.54999923706055,32.54999923706055,31.170000076293945,31.229999542236328,10841700
2018-08-08,30.790000915527344,31.09000015258789,30.420000076293945,30.780000686645508,5329200
2018-08-09,30.84000015258789,31.0,30.549999237060547,30.6299991607666,4777700
2018-08-10,30.610000610351562,30.670000076293945,30.270000457763672,30.579999923706055,5541200
2018-08-13,30.469999313354492,30.850000381469727,30.110000610351562,30.25,4853800
2018-08-14,30.649999618530273,30.8799991607666,30.1200008392334,30.299999237060547,5820200
2018-08-15,29.829999923706055,29.959999084472656,28.639999389648438,28.93000030517578,5947700
2018-08-16,29.170000076293945,29.809999465942383,28.950000762939453,29.229999542236328,4149500
2018-08-17,29.3700008392334,29.450000762939453,28.6200008392334,28.770000457763672,4024500
2018-08-20,28.65999984741211,28.8700008392334,28.459999084472656,28.809999465942383,2721800
2018-08-21,29.1299991607666,29.299999237060547,28.700000762939453,28.729999542236328,4928000
2018-08-22,29.06999969482422,30.170000076293945,29.06999969482422,29.860000610351562,6027200
2018-08-23,29.6299991607666,29.770000457763672,29.239999771118164,29.549999237060547,4414900
2018-08-24,30.0,30.190000534057617,29.479999542236328,29.520000457763672,2439800
2018-08-27,29.579999923706055,30.43000030517578,29.579999923706055,30.360000610351562,5116900
2018-08-28,30.290000915527344,30.530000686645508,29.93000030517578,30.219999313354492,5700700
2018-08-29,30.40999984741211,30.780000686645508,29.809999465942383,30.270000457763672,5795900
2018-08-30,30.260000228881836,30.5,29.459999084472656,29.889999389648438,4593900
2018-08-31,29.709999084472656,30.030000686645508,29.510000228881836,29.719999313354492,2961600
2018-09-04,29.799999237060547,29.90999984741211,28.920000076293945,29.139999389648438,2967400
2018-09-05,28.889999389648438,30.030000686645508,28.700000762939453,29.829999923706055,5976900
2018-09-06,29.639999389648438,30.09000015258789,29.309999465942383,29.34000015258789,4704800
2018-09-07,29.1299991607666,29.280000686645508,28.56999969482422,29.079999923706055,3204400
2018-09-10,29.229999542236328,29.31999969482422,28.84000015258789,28.8799991607666,2628900
2018-09-11,28.81999969482422,29.610000610351562,28.81999969482422,29.350000381469727,3589500
2018-09-12,29.75,29.799999237060547,28.940000534057617,29.260000228881836,4472900
2018-09-13,29.170000076293945,29.309999465942383,28.709999084472656,29.15999984741211,2479000
2018-09-14,29.170000076293945,29.59000015258789,29.170000076293945,29.3799991607666,3031200
2018-09-17,29.540000915527344,29.969999313354492,29.420000076293945,29.729999542236328,3777800
2018-09-18,30.020000457763672,30.479999542236328,30.0,30.309999465942383,4496300
2018-09-19,30.100000381469727,31.010000228881836,30.040000915527344,30.780000686645508,4150900
2018-09-20,30.90999984741211,30.959999084472656,29.920000076293945,30.270000457763672,4618600
2018-09-21,30.299999237060547,30.6200008392334,30.059999465942383,30.469999313354492,5768800
2018-09-24,30.959999084472656,31.25,30.200000762939453,30.90999984741211,3708000
2018-09-25,31.149999618530273,31.420000076293945,30.729999542236328,31.170000076293945,3775100
2018-09-26,30.950000762939453,31.479999542236328,30.799999237060547,31.100000381469727,3656900
2018-09-27,31.420000076293945,31.520000457763672,31.030000686645508,31.350000381469727,2838900
2018-09-28,31.219999313354492,31.90999984741211,30.979999542236328,31.190000534057617,3842900
2018-10-01,31.34000015258789,32.20000076293945,31.280000686645508,31.760000228881836,4340300
2018-10-02,31.809999465942383,31.809999465942383,31.229999542236328,31.31999969482422,3354900
2018-10-03,31.34000015258789,31.899999618530273,31.079999923706055,31.729999542236328,3898800
2018-10-04,31.450000762939453,31.989999771118164,31.15999984741211,31.399999618530273,2467700
2018-10-05,31.469999313354492,32.029998779296875,31.3700008392334,31.690000534057617,4516000
2018-10-08,31.40999984741211,32.029998779296875,31.239999771118164,31.959999084472656,3218600
2018-10-09,32.0099983215332,32.72999954223633,31.850000381469727,32.52000045776367,2490300
2018-10-10,32.369998931884766,32.540000915527344,31.219999313354492,31.260000228881836,3697000
2018-10-11,31.059999465942383,31.600000381469727,30.68000030517578,30.979999542236328,3830500
2018-10-12,31.600000381469727,31.969999313354492,30.969999313354492,31.610000610351562,4940700
2018-10-15,31.780000686645508,32.15999984741211,31.440000534057617,31.899999618530273,3432400
2018-10-16,32.0099983215332,32.0099983215332,31.510000228881836,31.799999237060547,3877400
2018-10-17,31.65999984741211,31.719999313354492,31.030000686645508,31.399999618530273,2373000
2018-10-18,30.940000534057617,31.209999084472656,30.40999984741211,30.700000762939453,3531500
2018-10-19,30.690000534057617,30.690000534057617,29.1299991607666,29.219999313354492,10446100
2018-10-22,29.1200008392334,29.3700008392334,28.8799991607666,29.0,5977800
2018-10-23,28.40999984741211,28.469999313354492,27.670000076293945,27.989999771118164,6383600
2018-10-24,28.200000762939453,28.200000762939453,26.040000915527344,26.1200008392334,7647000
2018-10-25,26.510000228881836,27.020000457763672,26.170000076293945,26.610000610351562,6397100
2018-10-26,26.18000030517578,26.399999618530273,25.31999969482422,25.65999984741211,9831800
2018-10-29,25.799999237060547,25.81999969482422,23.829999923706055,24.25,10564800
2018-10-30,24.110000610351562,24.979999542236328,23.959999084472656,24.770000457763672,7566900
2018-10-31,25.190000534057617,25.540000915527344,24.790000915527344,24.850000381469727,7109200
2018-11-01,25.100000381469727,26.399999618530273,24.700000762939453,26.229999542236328,9839700
2018-11-02,26.469999313354492,27.469999313354492,26.1299991607666,26.34000015258789,9492500
2018-11-05,26.8700008392334,27.219999313354492,26.479999542236328,26.93000030517578,5769300
2018-11-06,26.950000762939453,27.139999389648438,26.3700008392334,27.030000686645508,6280700
2018-11-07,28.809999465942383,28.959999084472656,27.780000686645508,28.15999984741211,16652700
2018-11-08,27.850000381469727,28.040000915527344,26.809999465942383,26.899999618530273,7249200
2018-11-09,26.309999465942383,26.860000610351562,26.06999969482422,26.520000457763672,5507700
2018-11-12,26.709999084472656,26.709999084472656,25.040000915527344,25.09000015258789,7507400
2018-11-13,24.959999084472656,25.329999923706055,24.450000762939453,24.579999923706055,8209600
2018-11-14,25.239999771118164,25.600000381469727,24.540000915527344,24.739999771118164,5599800
2018-11-15,24.450000762939453,25.709999084472656,24.43000030517578,25.5,6182700
2018-11-16,25.520000457763672,25.799999237060547,25.020000457763672,25.170000076293945,5833100
2018-11-19,24.65999984741211,25.360000610351562,24.56999969482422,24.940000534057617,7321200
2018-11-20,24.40999984741211,24.5,23.520000457763672,23.709999084472656,7140600
2018-11-21,24.020000457763672,24.950000762939453,24.020000457763672,24.479999542236328,5318800
2018-11-23,23.510000228881836,24.149999618530273,23.489999771118164,23.739999771118164,2730100
2018-11-26,24.079999923706055,24.8700008392334,24.040000915527344,24.40999984741211,5689900
2018-11-27,24.25,24.479999542236328,23.760000228881836,23.989999771118164,4416000
2018-11-28,24.06999969482422,24.280000686645508,23.690000534057617,24.059999465942383,4130400
2018-11-29,24.110000610351562,24.549999237060547,24.0,24.270000457763672,3257700
2018-11-30,24.0,24.15999984741211,23.559999465942383,23.739999771118164,4975900
2018-12-03,24.610000610351562,25.06999969482422,24.31999969482422,25.0,6527300
2018-12-04,25.020000457763672,25.219999313354492,24.290000915527344,24.329999923706055,8744300
2018-12-06,23.729999542236328,23.950000762939453,23.219999313354492,23.84000015258789,11933400
2018-12-07,24.440000534057617,24.75,23.690000534057617,23.780000686645508,8575600
2018-12-10,23.389999389648438,23.639999389648438,22.440000534057617,22.81999969482422,8172300
2018-12-11,23.3700008392334,23.459999084472656,22.350000381469727,22.479999542236328,7766700
2018-12-12,22.979999542236328,23.3700008392334,22.809999465942383,22.81999969482422,5887700
2018-12-13,22.600000381469727,22.969999313354492,22.479999542236328,22.709999084472656,4066500
2018-12-14,22.479999542236328,22.59000015258789,21.700000762939453,21.790000915527344,4449400
2018-12-17,21.610000610351562,21.940000534057617,21.0,21.15999984741211,5893100
2018-12-18,21.15999984741211,21.15999984741211,20.31999969482422,20.530000686645508,6037600
2018-12-19,20.549999237060547,21.040000915527344,19.969999313354492,20.06999969482422,8583100
2018-12-20,19.68000030517578,19.860000610351562,18.75,18.829999923706055,8036300
2018-12-21,18.75,18.850000381469727,18.049999237060547,18.170000076293945,10411800
2018-12-24,17.979999542236328,18.09000015258789,17.329999923706055,17.360000610351562,4073800
2018-12-26,17.649999618530273,19.100000381469727,17.110000610351562,19.079999923706055,7197200
2018-12-27,18.700000762939453,18.90999984741211,18.010000228881836,18.899999618530273,5907300
2018-12-28,19.0,19.1200008392334,18.399999618530273,18.43000030517578,5325200
2018-12-31,18.559999465942383,18.920000076293945,18.280000686645508,18.760000228881836,4521000
2019-01-02,18.31999969482422,19.360000610351562,17.979999542236328,19.329999923706055,6947500
2019-01-03,19.329999923706055,19.479999542236328,18.6299991607666,19.149999618530273,7002300
2019-01-04,19.6200008392334,20.729999542236328,19.489999771118164,20.68000030517578,7727300
2019-01-07,20.770000457763672,21.690000534057617,20.510000228881836,21.389999389648438,6315300
2019-01-08,21.639999389648438,21.889999389648438,21.239999771118164,21.31999969482422,4370200
2019-01-09,21.780000686645508,22.479999542236328,21.450000762939453,22.229999542236328,7729800
2019-01-10,21.81999969482422,22.520000457763672,21.65999984741211,22.3700008392334,5792700
2019-01-11,22.06999969482422,22.25,21.780000686645508,22.190000534057617,4186600
2019-01-14,21.899999618530273,22.389999389648438,21.780000686645508,22.309999465942383,6635600
2019-01-15,22.6299991607666,23.0,22.5,22.709999084472656,7092600
2019-01-16,22.68000030517578,23.3700008392334,22.649999618530273,22.979999542236328,8872600
2019-01-17,22.670000076293945,23.389999389648438,22.579999923706055,23.190000534057617,4372100
2019-01-18,23.43000030517578,23.670000076293945,23.1200008392334,23.389999389648438,6683600
2019-01-22,23.079999923706055,23.110000610351562,22.3799991607666,22.450000762939453,4155500
2019-01-23,22.610000610351562,22.75,21.459999084472656,21.56999969482422,6118200
2019-01-24,21.559999465942383,21.600000381469727,20.93000030517578,21.290000915527344,8183800
2019-01-25,21.530000686645508,22.170000076293945,21.489999771118164,21.93000030517578,4097500
2019-01-28,21.440000534057617,21.8799991607666,21.3799991607666,21.809999465942383,3379800
2019-01-29,22.020000457763672,22.8799991607666,21.889999389648438,22.639999389648438,8039900
2019-01-30,22.809999465942383,23.0,22.520000457763672,22.979999542236328,5008300
2019-01-31,23.110000610351562,23.200000762939453,22.170000076293945,22.34000015258789,4004400
2019-02-01,22.440000534057617,22.739999771118164,22.15999984741211,22.389999389648438,4456600
2019-02-04,22.170000076293945,22.959999084472656,22.1299991607666,22.90999984741211,4480200
2019-02-05,22.959999084472656,23.229999542236328,22.760000228881836,22.860000610351562,4878100
2019-02-06,22.670000076293945,22.700000762939453,22.270000457763672,22.3700008392334,3943500
2019-02-07,22.209999084472656,22.219999313354492,20.979999542236328,21.059999465942383,4952200
2019-02-08,20.889999389648438,20.989999771118164,19.90999984741211,20.639999389648438,5913900
2019-02-11,20.3799991607666,21.010000228881836,20.1299991607666,21.0,5516900
2019-02-12,21.469999313354492,21.760000228881836,21.1299991607666,21.209999084472656,6236900
2019-02-13,21.329999923706055,21.950000762939453,21.329999923706055,21.889999389648438,4228000
2019-02-14,21.709999084472656,22.139999389648438,21.600000381469727,22.010000228881836,4803700
2019-02-15,22.260000228881836,22.8700008392334,22.15999984741211,22.639999389648438,11177000
2019-02-19,22.25,24.110000610351562,21.75,23.700000762939453,15742300
2019-02-20,23.43000030517578,24.200000762939453,23.209999084472656,24.049999237060547,9402400
2019-02-21,23.8799991607666,24.229999542236328,23.68000030517578,23.860000610351562,8385400
2019-02-22,24.09000015258789,24.100000381469727,23.020000457763672,23.15999984741211,7021200
2019-02-25,22.940000534057617,23.389999389648438,22.709999084472656,22.719999313354492,5269700
2019-02-26,22.670000076293945,22.889999389648438,22.079999923706055,22.110000610351562,7552800
2019-02-27,22.290000915527344,22.65999984741211,21.760000228881836,22.479999542236328,8418600
2019-02-28,22.579999923706055,22.600000381469727,21.780000686645508,22.149999618530273,7986700
2019-03-01,22.25,22.829999923706055,22.15999984741211,22.829999923706055,7432900
2019-03-04,23.0,23.649999618530273,23.0,23.6299991607666,8705500
2019-03-05,23.770000457763672,23.850000381469727,23.299999237060547,23.579999923706055,5817100
2019-03-06,23.3700008392334,23.6200008392334,22.93000030517578,23.0,7621700
2019-03-07,22.950000762939453,22.989999771118164,22.40999984741211,22.639999389648438,4816600
2019-03-08,22.1200008392334,22.15999984741211,21.31999969482422,21.420000076293945,7056600
2019-03-11,21.530000686645508,22.079999923706055,21.40999984741211,22.040000915527344,4750900
2019-03-12,22.200000762939453,22.59000015258789,21.950000762939453,22.440000534057617,4379500
2019-03-13,22.56999969482422,22.760000228881836,21.899999618530273,22.469999313354492,5168100
2019-03-14,22.479999542236328,22.809999465942383,22.31999969482422,22.690000534057617,5174600
2019-03-15,22.459999084472656,23.229999542236328,22.450000762939453,23.100000381469727,7739200
2019-03-18,23.239999771118164,23.899999618530273,23.239999771118164,23.799999237060547,4334300
2019-03-19,24.540000915527344,24.600000381469727,23.850000381469727,24.0,6786200
2019-03-20,23.979999542236328,25.170000076293945,23.799999237060547,24.8700008392334,7169100
2019-03-21,24.719999313354492,25.049999237060547,24.469999313354492,24.940000534057617,4102900
2019-03-22,24.65999984741211,24.760000228881836,23.510000228881836,23.969999313354492,6234600
2019-03-25,23.920000076293945,24.479999542236328,23.6299991607666,24.440000534057617,4802800
2019-03-26,24.8700008392334,25.34000015258789,24.850000381469727,25.079999923706055,3963500
2019-03-27,24.989999771118164,25.200000762939453,24.469999313354492,24.649999618530273,4503800
2019-03-28,24.3799991607666,25.0,24.260000228881836,24.889999389648438,3111800
2019-03-29,25.229999542236328,25.549999237060547,24.670000076293945,24.729999542236328,3849300
2019-04-01,25.010000228881836,25.81999969482422,25.010000228881836,25.68000030517578,5644800
2019-04-02,25.799999237060547,25.950000762939453,25.510000228881836,25.520000457763672,5216100
2019-04-03,25.649999618530273,25.719999313354492,24.649999618530273,25.0,4849200
2019-04-04,25.06999969482422,25.190000534057617,24.639999389648438,24.8700008392334,4088300
2019-04-05,24.969999313354492,25.809999465942383,24.969999313354492,25.729999542236328,5460000
2019-04-08,25.760000228881836,26.010000228881836,25.31999969482422,25.469999313354492,5591500
2019-04-09,25.309999465942383,25.420000076293945,24.43000030517578,24.5,5879600
2019-04-10,24.739999771118164,25.31999969482422,24.610000610351562,25.229999542236328,5371100
2019-04-11,25.040000915527344,25.530000686645508,24.809999465942383,25.1299991607666,4067100
2019-04-12,27.0,27.649999618530273,26.579999923706055,26.8700008392334,12459700
2019-04-15,26.540000915527344,27.110000610351562,26.3700008392334,26.459999084472656,6552900
2019-04-16,26.559999465942383,27.100000381469727,26.350000381469727,27.100000381469727,5860200
2019-04-17,27.3799991607666,27.84000015258789,27.1200008392334,27.209999084472656,7224900
2019-04-18,27.270000457763672,27.420000076293945,26.790000915527344,27.110000610351562,5323700
2019-04-22,27.549999237060547,28.059999465942383,27.219999313354492,27.8799991607666,4638700
2019-04-23,27.950000762939453,28.299999237060547,27.530000686645508,27.860000610351562,4577400
2019-04-24,28.010000228881836,28.399999618530273,27.579999923706055,27.579999923706055,5886400
2019-04-25,27.540000915527344,27.65999984741211,26.68000030517578,27.25,7937000
2019-04-26,26.899999618530273,27.559999465942383,26.780000686645508,27.079999923706055,7858400
2019-04-29,27.079999923706055,27.670000076293945,27.079999923706055,27.420000076293945,5910800
2019-04-30,27.809999465942383,27.860000610351562,27.030000686645508,27.059999465942383,5164200
2019-05-01,27.100000381469727,27.239999771118164,26.010000228881836,26.020000457763672,6151600
2019-05-02,25.579999923706055,26.09000015258789,25.329999923706055,25.479999542236328,7029400
2019-05-03,25.3799991607666,25.799999237060547,24.760000228881836,24.93000030517578,9871500
2019-05-06,24.540000915527344,24.860000610351562,24.15999984741211,24.770000457763672,8079600
2019-05-07,24.450000762939453,24.600000381469727,23.860000610351562,24.280000686645508,7783500
2019-05-08,24.209999084472656,24.81999969482422,24.18000030517578,24.549999237060547,3856100
2019-05-09,24.219999313354492,24.530000686645508,23.690000534057617,24.34000015258789,5381600
2019-05-10,24.270000457763672,24.329999923706055,23.56999969482422,24.110000610351562,4876100
2019-05-13,23.799999237060547,23.950000762939453,23.239999771118164,23.489999771118164,4167300
2019-05-14,23.520000457763672,24.350000381469727,23.520000457763672,24.06999969482422,3668500
2019-05-15,23.690000534057617,24.260000228881836,23.610000610351562,24.15999984741211,4059200
2019-05-16,24.299999237060547,24.549999237060547,24.270000457763672,24.5,3919100
2019-05-17,24.260000228881836,24.34000015258789,23.770000457763672,23.850000381469727,2846100
2019-05-20,23.81999969482422,24.139999389648438,23.75,24.030000686645508,4636200
2019-05-21,24.09000015258789,24.649999618530273,24.079999923706055,24.270000457763672,3485000
2019-05-22,23.989999771118164,24.040000915527344,23.3799991607666,23.389999389648438,3491000
2019-05-23,22.860000610351562,22.8799991607666,21.610000610351562,21.770000457763672,6963800
2019-05-24,21.989999771118164,22.299999237060547,21.579999923706055,21.700000762939453,4867900
2019-05-28,21.829999923706055,22.049999237060547,21.639999389648438,21.68000030517578,5000900
2019-05-29,21.34000015258789,21.889999389648438,21.209999084472656,21.84000015258789,5059100
2019-05-30,21.780000686645508,22.059999465942383,21.530000686645508,21.719999313354492,4704900
2019-05-31,21.209999084472656,21.700000762939453,21.09000015258789,21.399999618530273,6176600
2019-06-03,21.559999465942383,21.770000457763672,21.31999969482422,21.510000228881836,4780200
2019-06-04,21.860000610351562,21.90999984741211,21.34000015258789,21.510000228881836,5270400
2019-06-05,21.540000915527344,21.549999237060547,20.5,20.780000686645508,4511200
2019-06-06,20.899999618530273,21.170000076293945,20.600000381469727,20.729999542236328,8959400
2019-06-07,20.65999984741211,20.950000762939453,20.290000915527344,20.690000534057617,8020900
2019-06-10,20.739999771118164,21.3700008392334,20.739999771118164,21.040000915527344,5234300
2019-06-11,21.280000686645508,21.520000457763672,21.15999984741211,21.290000915527344,7456900
2019-06-12,21.030000686645508,21.030000686645508,20.299999237060547,20.360000610351562,5551700
2019-06-13,20.65999984741211,20.790000915527344,20.510000228881836,20.770000457763672,3937600
2019-06-14,20.690000534057617,20.8700008392334,19.68000030517578,19.729999542236328,5833100
2019-06-17,19.530000686645508,20.299999237060547,19.479999542236328,20.219999313354492,5005500
2019-06-18,20.25,20.760000228881836,20.229999542236328,20.350000381469727,7319200
2019-06-19,20.360000610351562,20.719999313354492,20.139999389648438,20.489999771118164,7054200
2019-06-20,21.06999969482422,21.81999969482422,21.059999465942383,21.75,8835000
2019-06-21,21.81999969482422,22.030000686645508,21.540000915527344,21.559999465942383,6055600
2019-06-24,21.510000228881836,21.690000534057617,21.170000076293945,21.260000228881836,4833000
2019-06-25,21.049999237060547,21.399999618530273,20.93000030517578,21.190000534057617,3911400
2019-06-26,21.549999237060547,22.239999771118164,21.420000076293945,21.770000457763672,6019400
2019-06-27,21.770000457763672,22.209999084472656,21.770000457763672,21.81999969482422,4845700
2019-06-28,21.8799991607666,22.40999984741211,21.8799991607666,22.399999618530273,6287800
2019-07-01,23.0,23.1299991607666,22.31999969482422,22.489999771118164,4932800
2019-07-02,22.479999542236328,22.479999542236328,21.6299991607666,21.799999237060547,4652600
2019-07-03,21.979999542236328,22.110000610351562,21.729999542236328,22.100000381469727,1799700
2019-07-05,21.950000762939453,22.1299991607666,21.59000015258789,21.920000076293945,2967000
2019-07-08,21.709999084472656,22.0,21.31999969482422,21.34000015258789,4805200
2019-07-09,21.309999465942383,21.600000381469727,21.06999969482422,21.510000228881836,4027600
2019-07-10,21.639999389648438,22.459999084472656,21.639999389648438,22.31999969482422,4523000
2019-07-11,22.399999618530273,22.459999084472656,21.940000534057617,22.280000686645508,4344800
2019-07-12,22.350000381469727,22.950000762939453,22.260000228881836,22.739999771118164,4832100
2019-07-15,22.719999313354492,22.8799991607666,21.610000610351562,21.75,6815000
2019-07-16,21.780000686645508,21.850000381469727,20.950000762939453,21.100000381469727,4540800
2019-07-17,21.09000015258789,21.200000762939453,20.549999237060547,20.56999969482422,3729000
2019-07-18,20.399999618530273,20.8700008392334,20.3700008392334,20.84000015258789,5624400
2019-07-19,20.8799991607666,21.260000228881836,20.690000534057617,21.190000534057617,2680800
2019-07-22,21.260000228881836,21.420000076293945,20.549999237060547,20.889999389648438,5029600
2019-07-23,20.899999618530273,21.219999313354492,20.700000762939453,21.190000534057617,3487900
2019-07-24,21.219999313354492,21.809999465942383,21.149999618530273,21.5,4173900
2019-07-25,21.8700008392334,22.030000686645508,20.90999984741211,20.979999542236328,3440600
2019-07-26,20.940000534057617,21.209999084472656,20.610000610351562,20.75,4088100
2019-07-29,20.709999084472656,20.920000076293945,20.329999923706055,20.8700008392334,4544200
2019-07-30,20.770000457763672,22.290000915527344,20.719999313354492,22.100000381469727,4959200
2019-07-31,21.979999542236328,22.56999969482422,21.709999084472656,22.079999923706055,5122200
2019-08-01,21.709999084472656,21.709999084472656,20.389999389648438,20.489999771118164,10966600
2019-08-02,22.5,23.31999969482422,21.450000762939453,21.8799991607666,12090200
2019-08-05,21.280000686645508,22.309999465942383,21.09000015258789,21.549999237060547,10893600
2019-08-06,21.8700008392334,22.040000915527344,20.8700008392334,21.399999618530273,5874100
2019-08-07,20.790000915527344,21.75,20.6299991607666,21.559999465942383,6082000
2019-08-08,21.799999237060547,22.260000228881836,21.40999984741211,22.239999771118164,5710200
2019-08-09,22.3799991607666,22.579999923706055,22.100000381469727,22.15999984741211,5018800
2019-08-12,22.0,22.18000030517578,21.690000534057617,22.020000457763672,3693700
2019-08-13,21.809999465942383,23.1299991607666,21.739999771118164,22.299999237060547,5368400
2019-08-14,21.690000534057617,21.84000015258789,21.0,21.1200008392334,6337600
2019-08-15,20.950000762939453,21.299999237060547,20.799999237060547,21.219999313354492,3592200
2019-08-16,21.389999389648438,21.639999389648438,21.170000076293945,21.510000228881836,4221500
2019-08-19,21.760000228881836,22.5,21.719999313354492,22.459999084472656,4887800
2019-08-20,22.34000015258789,22.40999984741211,21.969999313354492,22.25,2748200
2019-08-21,22.649999618530273,22.8700008392334,22.079999923706055,22.219999313354492,2884500
2019-08-22,22.770000457763672,22.959999084472656,22.280000686645508,22.309999465942383,5408200
2019-08-23,22.200000762939453,22.280000686645508,21.5,21.600000381469727,6221200
2019-08-26,21.829999923706055,22.110000610351562,21.559999465942383,21.700000762939453,4107800
2019-08-27,21.889999389648438,21.969999313354492,21.329999923706055,21.510000228881836,4951200
2019-08-28,21.690000534057617,22.3700008392334,21.450000762939453,22.209999084472656,3545100
2019-08-29,22.420000076293945,22.959999084472656,22.280000686645508,22.780000686645508,4397300
2019-08-30,22.829999923706055,22.969999313354492,22.31999969482422,22.579999923706055,4253200
2019-09-03,22.110000610351562,22.350000381469727,21.549999237060547,22.309999465942383,4865700
2019-09-04,22.649999618530273,22.75,22.329999923706055,22.520000457763672,3982600
2019-09-05,22.690000534057617,22.8700008392334,22.350000381469727,22.68000030517578,6980500
2019-09-06,22.190000534057617,22.739999771118164,21.770000457763672,22.709999084472656,3971700
2019-09-09,23.0,24.049999237060547,23.0,23.760000228881836,7614400
2019-09-10,23.850000381469727,24.670000076293945,23.850000381469727,24.209999084472656,4938500
2019-09-11,24.420000076293945,25.100000381469727,24.049999237060547,24.68000030517578,5973400
2019-09-12,24.190000534057617,24.850000381469727,23.43000030517578,24.639999389648438,4628900
2019-09-13,24.940000534057617,25.290000915527344,24.450000762939453,25.040000915527344,3575700
2019-09-16,27.010000228881836,27.309999465942383,23.950000762939453,25.229999542236328,21368900
2019-09-17,25.1200008392334,25.639999389648438,24.420000076293945,25.09000015258789,8203300
2019-09-18,24.700000762939453,24.899999618530273,24.020000457763672,24.239999771118164,4644000
2019-09-19,24.530000686645508,24.65999984741211,23.139999389648438,23.299999237060547,7673600
2019-09-20,23.420000076293945,23.6299991607666,23.040000915527344,23.149999618530273,7699400
2019-09-23,22.950000762939453,23.56999969482422,22.729999542236328,23.440000534057617,4265200
2019-09-24,23.329999923706055,23.43000030517578,22.579999923706055,22.670000076293945,4873300
2019-09-25,22.329999923706055,23.1299991607666,22.329999923706055,22.989999771118164,5745700
2019-09-26,22.729999542236328,22.90999984741211,22.299999237060547,22.690000534057617,3854200
2019-09-27,22.329999923706055,22.969999313354492,22.170000076293945,22.459999084472656,4483000
2019-09-30,22.309999465942383,22.6299991607666,22.139999389648438,22.459999084472656,4179700
2019-10-01,22.649999618530273,22.809999465942383,21.350000381469727,21.399999618530273,6335900
2019-10-02,21.43000030517578,21.59000015258789,20.610000610351562,20.6200008392334,8898500
2019-10-03,20.229999542236328,20.950000762939453,20.139999389648438,20.920000076293945,5157000
2019-10-04,20.790000915527344,20.950000762939453,20.290000915527344,20.59000015258789,4414800
2019-10-07,20.600000381469727,20.649999618530273,19.690000534057617,19.719999313354492,8418300
2019-10-08,19.59000015258789,20.040000915527344,19.459999084472656,19.459999084472656,11748300
2019-10-09,19.649999618530273,19.75,19.1200008392334,19.450000762939453,5687100
2019-10-10,19.540000915527344,20.149999618530273,19.420000076293945,20.1200008392334,7486800
2019-10-11,20.440000534057617,20.829999923706055,20.139999389648438,20.579999923706055,5443500
2019-10-14,20.190000534057617,20.56999969482422,19.84000015258789,20.440000534057617,4581400
2019-10-15,20.450000762939453,21.219999313354492,20.34000015258789,20.920000076293945,6241000
2019-10-16,20.8700008392334,20.989999771118164,20.299999237060547,20.299999237060547,4318000
2019-10-17,20.360000610351562,20.360000610351562,19.489999771118164,19.610000610351562,7637400
2019-10-18,19.559999465942383,20.079999923706055,19.059999465942383,19.059999465942383,7447400
2019-10-21,19.059999465942383,19.75,19.030000686645508,19.600000381469727,3746100
2019-10-22,19.56999969482422,20.450000762939453,19.510000228881836,20.219999313354492,3900500
2019-10-23,20.219999313354492,20.68000030517578,19.84000015258789,20.510000228881836,3471300
2019-10-24,20.65999984741211,20.770000457763672,20.219999313354492,20.360000610351562,3215700
2019-10-25,20.360000610351562,20.739999771118164,20.040000915527344,20.6200008392334,3654700
2019-10-28,20.690000534057617,20.959999084472656,20.100000381469727,20.209999084472656,3404200
2019-10-29,19.989999771118164,20.59000015258789,19.790000915527344,20.3799991607666,3941700
2019-10-30,20.389999389648438,20.510000228881836,19.34000015258789,19.40999984741211,5867000
2019-10-31,19.309999465942383,19.559999465942383,19.010000228881836,19.260000228881836,5849200
2019-11-01,19.350000381469727,20.09000015258789,19.290000915527344,20.020000457763672,4867400
2019-11-04,20.3799991607666,21.34000015258789,20.34000015258789,21.31999969482422,6876600
2019-11-05,21.5,21.889999389648438,21.43000030517578,21.670000076293945,6612600
2019-11-06,21.510000228881836,21.75,20.6299991607666,20.899999618530273,7614900
2019-11-07,21.219999313354492,21.729999542236328,20.219999313354492,20.559999465942383,10911200
2019-11-08,20.329999923706055,21.5,20.100000381469727,21.43000030517578,8196500
2019-11-11,21.06999969482422,21.420000076293945,20.780000686645508,21.31999969482422,4117500
2019-11-12,21.360000610351562,21.670000076293945,21.06999969482422,21.25,5408600
2019-11-13,21.100000381469727,21.270000457763672,20.770000457763672,21.06999969482422,4344100
2019-11-14,21.219999313354492,21.889999389648438,21.110000610351562,21.510000228881836,7156400
2019-11-15,21.610000610351562,21.68000030517578,20.75,20.8799991607666,10653500
2019-11-18,20.600000381469727,20.700000762939453,19.850000381469727,19.920000076293945,5816300
2019-11-19,19.760000228881836,19.770000457763672,19.15999984741211,19.489999771118164,5399300
2019-11-20,19.469999313354492,20.450000762939453,19.450000762939453,20.079999923706055,5973200
2019-11-21,20.290000915527344,20.829999923706055,20.079999923706055,20.790000915527344,4618100
2019-11-22,20.860000610351562,21.280000686645508,20.709999084472656,21.139999389648438,4521600
2019-11-25,21.059999465942383,21.43000030517578,20.899999618530273,21.139999389648438,5048300
2019-11-26,21.18000030517578,21.209999084472656,20.729999542236328,20.790000915527344,5263200
2019-11-27,20.84000015258789,21.239999771118164,20.690000534057617,21.229999542236328,2953600
2019-11-29,20.940000534057617,21.06999969482422,20.6200008392334,20.760000228881836,1690000
2019-12-02,21.040000915527344,21.06999969482422,20.510000228881836,20.579999923706055,4021700
2019-12-03,20.200000762939453,20.440000534057617,19.899999618530273,20.139999389648438,4610200
2019-12-04,20.600000381469727,21.34000015258789,20.399999618530273,20.90999984741211,6842700
2019-12-05,21.270000457763672,21.34000015258789,20.8799991607666,20.979999542236328,5419400
2019-12-06,21.100000381469727,21.93000030517578,20.959999084472656,21.860000610351562,4737700
2019-12-09,21.65999984741211,22.049999237060547,21.56999969482422,21.809999465942383,3129900
2019-12-10,21.860000610351562,21.90999984741211,21.510000228881836,21.790000915527344,3316900
2019-12-11,21.790000915527344,22.1299991607666,21.790000915527344,22.030000686645508,2426900
2019-12-12,22.059999465942383,23.040000915527344,22.010000228881836,22.940000534057617,3916700
2019-12-13,23.010000228881836,23.079999923706055,22.3799991607666,22.3799991607666,3858000
2019-12-16,22.559999465942383,23.020000457763672,22.559999465942383,22.760000228881836,3558300
2019-12-17,23.25,23.559999465942383,22.06999969482422,22.700000762939453,10651900
2019-12-18,22.489999771118164,23.31999969482422,22.440000534057617,23.049999237060547,4769600
2019-12-19,23.0,23.469999313354492,22.959999084472656,23.350000381469727,3359900
2019-12-20,23.56999969482422,23.65999984741211,23.260000228881836,23.649999618530273,6245500
2019-12-23,23.479999542236328,24.399999618530273,23.479999542236328,24.299999237060547,3815600
2019-12-24,24.399999618530273,24.729999542236328,24.280000686645508,24.610000610351562,2021500
2019-12-26,24.84000015258789,25.079999923706055,24.690000534057617,24.770000457763672,2981700
2019-12-27,24.8799991607666,25.0,24.600000381469727,24.6200008392334,2576800
2019-12-30,24.690000534057617,24.959999084472656,24.260000228881836,24.3799991607666,3499500
2019-12-31,24.280000686645508,24.90999984741211,24.18000030517578,24.84000015258789,2826900
2020-01-02,24.790000915527344,24.989999771118164,24.09000015258789,24.1299991607666,4836100
2020-01-03,23.93000030517578,24.40999984741211,23.6200008392334,23.709999084472656,9144300
2020-01-06,23.90999984741211,24.139999389648438,23.459999084472656,23.940000534057617,8108200
2020-01-07,23.65999984741211,23.760000228881836,23.219999313354492,23.260000228881836,6262600
2020-01-08,23.3799991607666,23.68000030517578,22.700000762939453,22.719999313354492,6566100
2020-01-09,22.6200008392334,22.790000915527344,22.110000610351562,22.440000534057617,6506300
2020-01-10,22.25,22.360000610351562,21.770000457763672,22.260000228881836,5657500
2020-01-13,22.25,22.610000610351562,22.030000686645508,22.260000228881836,3847100
2020-01-14,22.389999389648438,22.719999313354492,22.190000534057617,22.649999618530273,4204900
2020-01-15,22.510000228881836,23.0,22.389999389648438,22.760000228881836,3824100
2020-01-16,22.829999923706055,23.780000686645508,22.790000915527344,23.540000915527344,5657400
2020-01-17,23.610000610351562,23.65999984741211,23.260000228881836,23.43000030517578,3722300
2020-01-21,23.350000381469727,23.459999084472656,22.860000610351562,22.8799991607666,4906600
2020-01-22,22.649999618530273,22.719999313354492,22.059999465942383,22.309999465942383,4768900
2020-01-23,22.059999465942383,22.399999618530273,21.709999084472656,22.350000381469727,4285900
2020-01-24,22.09000015258789,22.09000015258789,21.31999969482422,21.670000076293945,3668100
2020-01-27,21.139999389648438,21.31999969482422,20.850000381469727,20.950000762939453,4273700
2020-01-28,21.190000534057617,21.190000534057617,20.860000610351562,20.959999084472656,4940700
2020-01-29,21.020000457763672,21.219999313354492,20.520000457763672,20.600000381469727,4569300
2020-01-30,20.31999969482422,20.549999237060547,19.899999618530273,20.299999237060547,6612500
2020-01-31,20.0,20.110000610351562,19.65999984741211,19.770000457763672,7392800
2020-02-03,19.81999969482422,19.959999084472656,19.510000228881836,19.729999542236328,4623000
2020-02-04,20.110000610351562,20.350000381469727,19.81999969482422,19.889999389648438,4739300
2020-02-05,20.420000076293945,21.389999389648438,20.34000015258789,21.309999465942383,5624300
2020-02-06,21.34000015258789,21.399999618530273,20.729999542236328,20.729999542236328,5537300
2020-02-07,20.350000381469727,20.520000457763672,20.0,20.049999237060547,5882800
2020-02-10,19.799999237060547,19.969999313354492,19.43000030517578,19.700000762939453,4501300
2020-02-11,20.06999969482422,20.31999969482422,19.8700008392334,19.899999618530273,7113600
2020-02-12,19.75,20.3700008392334,18.899999618530273,19.489999771118164,13653300
2020-02-13,19.579999923706055,20.18000030517578,19.309999465942383,19.600000381469727,10848000
2020-02-14,19.690000534057617,19.709999084472656,19.079999923706055,19.15999984741211,5937000
2020-02-18,18.950000762939453,19.110000610351562,18.520000457763672,18.969999313354492,6335300
2020-02-19,19.170000076293945,19.170000076293945,18.729999542236328,18.920000076293945,6102600
2020-02-20,19.09000015258789,19.1299991607666,18.520000457763672,18.549999237060547,6516600
2020-02-21,18.239999771118164,18.309999465942383,17.860000610351562,17.950000762939453,5281000
2020-02-24,17.209999084472656,17.299999237060547,16.469999313354492,16.469999313354492,7103400
2020-02-25,16.520000457763672,16.770000457763672,15.15999984741211,15.600000381469727,10772700
2020-02-26,15.680000305175781,15.789999961853027,15.140000343322754,15.300000190734863,16225600
2020-02-27,14.6899995803833,15.699999809265137,14.319999694824219,15.119999885559082,11417800
2020-02-28,14.369999885559082,15.960000038146973,14.289999961853027,15.829999923706055,12729800
2020-03-02,16.100000381469727,16.100000381469727,15.25,15.800000190734863,7943800
2020-03-03,15.770000457763672,16.09000015258789,14.859999656677246,15.1899995803833,10095700
2020-03-04,15.609999656677246,15.84000015258789,14.930000305175781,15.319999694824219,6594700
2020-03-05,14.859999656677246,15.149999618530273,14.569999694824219,14.789999961853027,5213800
2020-03-06,14.199999809265137,14.479999542236328,12.930000305175781,13.319999694824219,8036000
2020-03-09,8.180000305175781,10.210000038146973,7.78000020980835,9.34000015258789,21197500
2020-03-10,10.100000381469727,10.260000228881836,8.399999618530273,9.260000228881836,17103800
2020-03-11,8.800000190734863,8.800000190734863,7.199999809265137,7.400000095367432,19918400
2020-03-12,6.71999979019165,7.340000152587891,5.869999885559082,6.269999980926514,18172900
2020-03-13,6.929999828338623,7.380000114440918,6.159999847412109,7.190000057220459,17080300
2020-03-16,5.989999771118164,6.599999904632568,5.179999828338623,5.230000019073486,15174900
2020-03-17,5.260000228881836,5.309999942779541,3.7100000381469727,4.190000057220459,27126400
2020-03-18,3.890000104904175,4.110000133514404,2.7300000190734863,3.0199999809265137,27816900
2020-03-19,3.2899999618530273,4.230000019073486,3.0,3.940000057220459,32346200
2020-03-20,4.170000076293945,4.300000190734863,3.890000104904175,4.03000020980835,37583500
2020-03-23,4.099999904632568,4.630000114440918,3.859999895095825,4.46999979019165,20421600
2020-03-24,5.010000228881836,5.840000152587891,4.849999904632568,5.829999923706055,19857000
2020-03-25,6.21999979019165,6.739999771118164,5.510000228881836,6.119999885559082,15956300
2020-03-26,6.0,6.730000019073486,5.849999904632568,6.210000038146973,12864000
2020-03-27,5.980000019073486,5.989999771118164,5.25,5.360000133514404,10556100
2020-03-30,5.130000114440918,5.420000076293945,4.840000152587891,5.309999942779541,10485900
2020-03-31,5.610000133514404,6.269999980926514,5.570000171661377,6.039999961853027,15817800
2020-04-01,5.690000057220459,6.260000228881836,5.400000095367432,5.889999866485596,7741200
2020-04-02,6.309999942779541,6.760000228881836,6.010000228881836,6.309999942779541,18990900
2020-04-03,6.559999942779541,6.75,6.099999904632568,6.179999828338623,10496900
2020-04-06,6.300000190734863,6.710000038146973,6.059999942779541,6.670000076293945,8082700
2020-04-07,7.039999961853027,7.599999904632568,6.690000057220459,6.78000020980835,9087000
2020-04-08,7.170000076293945,7.349999904632568,6.800000190734863,7.21999979019165,9459700
2020-04-09,7.800000190734863,8.5600004196167,6.829999923706055,7.510000228881836,17014300
2020-04-13,7.949999809265137,7.989999771118164,7.010000228881836,7.21999979019165,8027900
2020-04-14,7.150000095367432,7.449999809265137,6.96999979019165,7.260000228881836,8960600
2020-04-15,6.699999809265137,6.929999828338623,6.039999961853027,6.869999885559082,12845000
2020-04-16,6.739999771118164,6.78000020980835,6.130000114440918,6.25,10287200
2020-04-17,6.329999923706055,6.980000019073486,6.320000171661377,6.949999809265137,9820700
2020-04-20,6.369999885559082,7.199999809265137,6.300000190734863,6.860000133514404,9483500
2020-04-21,6.460000038146973,6.739999771118164,6.260000228881836,6.730000019073486,14608300
2020-04-22,7.059999942779541,7.380000114440918,6.96999979019165,7.25,10942900
2020-04-23,7.659999847412109,8.279999732971191,7.539999961853027,7.800000190734863,13516100
2020-04-24,8.0600004196167,8.350000381469727,7.630000114440918,8.180000305175781,16906800
2020-04-27,8.010000228881836,8.359999656677246,7.679999828338623,8.010000228881836,9084500
2020-04-28,8.270000457763672,8.399999618530273,7.96999979019165,8.149999618530273,7240000
2020-04-29,8.529999732971191,10.069999694824219,8.529999732971191,10.050000190734863,14856900
2020-04-30,10.220000267028809,10.34000015258789,9.270000457763672,9.8100004196167,13139500
2020-05-01,9.460000038146973,9.710000038146973,8.75,8.779999732971191,9156500
2020-05-04,8.609999656677246,9.15999984741211,8.470000267028809,9.140000343322754,7419000
2020-05-05,9.800000190734863,10.029999732971191,8.8100004196167,8.819999694824219,10904500
2020-05-06,8.880000114440918,9.119999885559082,8.520000457763672,8.779999732971191,8513500
2020-05-07,9.029999732971191,9.380000114440918,8.729999542236328,8.859999656677246,10362200
2020-05-08,9.149999618530273,10.09000015258789,9.109999656677246,10.029999732971191,12635300
2020-05-11,9.930000305175781,10.220000267028809,9.520000457763672,9.600000381469727,9770300
2020-05-12,9.75,9.859999656677246,9.229999542236328,9.260000228881836,8533400
2020-05-13,9.109999656677246,9.25,8.25,8.369999885559082,10429800
2020-05-14,8.09000015258789,8.84000015258789,7.730000019073486,8.460000038146973,8537400
2020-05-15,8.569999694824219,8.920000076293945,8.40999984741211,8.670000076293945,11334500
2020-05-18,9.359999656677246,10.09000015258789,9.289999961853027,9.84000015258789,12582600
2020-05-19,9.800000190734863,9.829999923706055,9.180000305175781,9.229999542236328,8909700
2020-05-20,9.550000190734863,9.930000305175781,9.350000381469727,9.739999771118164,8207100
2020-05-21,9.800000190734863,10.0600004196167,9.510000228881836,10.039999961853027,7612300
2020-05-22,9.949999809265137,10.140000343322754,9.529999732971191,10.100000381469727,6508300
2020-05-26,10.539999961853027,10.729999542236328,10.029999732971191,10.220000267028809,7028500
2020-05-27,10.300000190734863,10.359999656677246,9.569999694824219,10.180000305175781,8992500
2020-05-28,9.979999542236328,10.069999694824219,9.369999885559082,9.510000228881836,11171000
2020-05-29,9.34000015258789,9.359999656677246,8.630000114440918,8.729999542236328,41419600
2020-06-01,8.800000190734863,9.489999771118164,8.529999732971191,9.449999809265137,13993100
2020-06-02,9.510000228881836,9.970000267028809,9.449999809265137,9.8100004196167,10062900
2020-06-03,10.0,10.100000381469727,9.65999984741211,10.010000228881836,11395000
2020-06-04,9.970000267028809,10.319999694824219,9.770000457763672,10.140000343322754,8837600
2020-06-05,10.989999771118164,11.75,10.850000381469727,11.260000228881836,16736600
2020-06-08,13.09000015258789,13.09000015258789,12.09000015258789,12.710000038146973,15181500
2020-06-09,12.1899995803833,12.260000228881836,11.3100004196167,11.779999732971191,10931900
2020-06-10,11.510000228881836,11.520000457763672,10.630000114440918,10.75,9452400
2020-06-11,9.539999961853027,10.34000015258789,9.300000190734863,9.5600004196167,10401300
2020-06-12,10.289999961853027,10.550000190734863,9.699999809265137,10.25,9037200
2020-06-15,9.65999984741211,10.430000305175781,9.430000305175781,10.319999694824219,9215400
2020-06-16,11.0,11.170000076293945,10.350000381469727,10.720000267028809,7416900
2020-06-17,10.579999923706055,10.579999923706055,10.109999656677246,10.119999885559082,6921600
2020-06-18,10.029999732971191,10.4399995803833,9.859999656677246,10.229999542236328,6339000
2020-06-19,10.619999885559082,10.739999771118164,9.960000038146973,10.0,17887000
2020-06-22,10.079999923706055,10.15999984741211,9.649999618530273,10.0,7576900
2020-06-23,10.15999984741211,10.279999732971191,9.819999694824219,9.859999656677246,7550000
2020-06-24,9.699999809265137,9.8100004196167,9.0600004196167,9.260000228881836,10717700
2020-06-25,9.1899995803833,9.880000114440918,8.949999809265137,9.84000015258789,9783300
2020-06-26,9.65999984741211,9.760000228881836,8.979999542236328,9.109999656677246,12437400
2020-06-29,9.079999923706055,9.199999809265137,8.470000267028809,8.649999618530273,20016100
2020-06-30,8.470000267028809,9.050000190734863,8.260000228881836,8.960000038146973,18429800
2020-07-01,8.979999542236328,9.289999961853027,8.739999771118164,8.859999656677246,13479500
2020-07-02,9.100000381469727,9.649999618530273,9.100000381469727,9.550000190734863,11390800
2020-07-06,9.84000015258789,9.90999984741211,9.260000228881836,9.449999809265137,10531700
2020-07-07,9.279999732971191,9.329999923706055,8.920000076293945,8.9399995803833,7009400
2020-07-08,8.90999984741211,9.09000015258789,8.59000015258789,8.819999694824219,8584200
2020-07-09,8.899999618530273,9.380000114440918,8.609999656677246,8.640000343322754,12981600
2020-07-10,8.550000190734863,9.029999732971191,8.4399995803833,9.010000228881836,7298200
2020-07-13,9.130000114440918,9.1899995803833,8.609999656677246,8.670000076293945,7995700
2020-07-14,8.640000343322754,9.600000381469727,8.520000457763672,9.600000381469727,11092900
2020-07-15,9.850000381469727,10.010000228881836,9.449999809265137,9.8100004196167,10481600
2020-07-16,9.5600004196167,10.15999984741211,9.520000457763672,9.949999809265137,8211400
2020-07-17,9.920000076293945,10.220000267028809,9.569999694824219,9.649999618530273,7663000
2020-07-20,10.65999984741211,10.65999984741211,10.09000015258789,10.180000305175781,92277400
2020-07-21,10.300000190734863,11.029999732971191,10.210000038146973,10.970000267028809,38737500
2020-07-22,10.739999771118164,10.899999618530273,10.609999656677246,10.859999656677246,26266400
2020-07-23,10.859999656677246,10.979999542236328,10.760000228881836,10.949999809265137,12101900
2020-07-24,10.989999771118164,11.1899995803833,10.859999656677246,10.890000343322754,11154600
2020-07-27,10.800000190734863,10.930000305175781,10.649999618530273,10.899999618530273,17894900
2020-07-28,10.850000381469727,10.970000267028809,10.59000015258789,10.600000381469727,13536300
2020-07-29,10.649999618530273,10.6899995803833,10.5,10.65999984741211,21685400
2020-07-30,10.40999984741211,10.470000267028809,10.100000381469727,10.220000267028809,22699900
2020-07-31,9.920000076293945,10.010000228881836,9.649999618530273,9.989999771118164,18462300
2020-08-03,9.949999809265137,10.039999961853027,9.859999656677246,9.970000267028809,19519400
2020-08-04,9.930000305175781,10.229999542236328,9.880000114440918,10.180000305175781,15411000
2020-08-05,10.470000267028809,10.479999542236328,10.199999809265137,10.420000076293945,17838600
2020-08-06,10.25,10.479999542236328,10.210000038146973,10.350000381469727,7861100
2020-08-07,10.220000267028809,10.319999694824219,10.100000381469727,10.270000457763672,7141000
2020-08-10,10.34000015258789,10.699999809265137,10.34000015258789,10.6899995803833,8070500
2020-08-11,10.989999771118164,11.069999694824219,10.59000015258789,10.649999618530273,7988600
2020-08-12,10.880000114440918,10.890000343322754,10.569999694824219,10.720000267028809,7080300
2020-08-13,10.5600004196167,10.789999961853027,10.520000457763672,10.569999694824219,5408200
2020-08-14,10.470000267028809,10.619999885559082,10.4399995803833,10.619999885559082,11296200
2020-08-17,10.609999656677246,10.710000038146973,10.489999771118164,10.579999923706055,15408800
2020-08-18,10.539999961853027,10.579999923706055,10.289999961853027,10.3100004196167,9433900
2020-08-19,10.270000457763672,10.380000114440918,10.170000076293945,10.199999809265137,6986200
2020-08-20,10.020000457763672,10.149999618530273,9.989999771118164,10.010000228881836,5614900
2020-08-21,9.979999542236328,10.0600004196167,9.890000343322754,10.039999961853027,6857800
2020-08-24,10.130000114440918,10.390000343322754,10.069999694824219,10.369999885559082,10168000
2020-08-25,10.430000305175781,10.460000038146973,10.1899995803833,10.229999542236328,5104900
2020-08-26,10.199999809265137,10.210000038146973,10.039999961853027,10.0600004196167,4767600
2020-08-27,10.079999923706055,10.180000305175781,9.960000038146973,10.039999961853027,9738900
2020-08-28,10.140000343322754,10.1899995803833,10.0,10.180000305175781,4375700
2020-08-31,10.140000343322754,10.180000305175781,9.949999809265137,9.949999809265137,7403200
2020-09-01,9.880000114440918,9.90999984741211,9.779999732971191,9.850000381469727,12083300
2020-09-02,9.899999618530273,9.970000267028809,9.800000190734863,9.850000381469727,20200600
2020-09-03,9.890000343322754,10.0,9.65999984741211,9.720000267028809,41936500
2020-09-04,9.890000343322754,9.899999618530273,9.579999923706055,9.699999809265137,26126700
2020-09-08,9.5,9.59000015258789,9.229999542236328,9.399999618530273,50306300
2020-09-09,9.489999771118164,9.729999542236328,9.470000267028809,9.520000457763672,34346300
2020-09-10,9.59000015258789,9.619999885559082,9.210000038146973,9.239999771118164,31725600
2020-09-11,9.239999771118164,9.319999694824219,9.109999656677246,9.170000076293945,25659200
2020-09-14,9.210000038146973,9.260000228881836,9.100000381469727,9.130000114440918,11708500
2020-09-15,9.25,9.3100004196167,8.979999542236328,9.020000457763672,12001200
2020-09-16,9.050000190734863,9.460000038146973,9.0,9.319999694824219,11651000
2020-09-17,9.170000076293945,9.359999656677246,9.0600004196167,9.34000015258789,7426800
2020-09-18,9.239999771118164,9.390000343322754,9.180000305175781,9.279999732971191,16019600
2020-09-21,8.949999809265137,9.069999694824219,8.829999923706055,8.989999771118164,13074400
2020-09-22,8.989999771118164,9.1899995803833,8.90999984741211,8.930000305175781,10170700
2020-09-23,8.949999809265137,9.050000190734863,8.5,8.5,8563500
2020-09-24,8.430000305175781,8.65999984741211,8.350000381469727,8.5,10152800
2020-09-25,8.390000343322754,8.579999923706055,8.369999885559082,8.489999771118164,14721300
2020-09-28,8.680000305175781,8.850000381469727,8.649999618530273,8.75,14089800
2020-09-29,8.710000038146973,8.770000457763672,8.40999984741211,8.520000457763672,13301300
2020-09-30,8.579999923706055,8.630000114440918,8.479999542236328,8.550000190734863,10660600
2020-10-01,8.449999809265137,8.510000228881836,8.279999732971191,8.34000015258789,18660300
2020-10-02,8.15999984741211,8.510000228881836,8.119999885559082,8.460000038146973,12416400
2020-10-05,8.460000038146973,8.460000038146973,8.460000038146973,8.460000038146973,0
2020-10-06,4.179999828338623,4.179999828338623,4.179999828338623,4.179999828338623,0
2020-10-07,4.179999828338623,4.179999828338623,4.179999828338623,4.179999828338623,117
2020-10-08,4.199999809265137,4.199999809265137,4.199999809265137,4.199999809265137,100
2020-10-09,4.199999809265137,4.199999809265137,4.199999809265137,4.199999809265137,100
2020-10-12,4.199999809265137,4.199999809265137,4.199999809265137,4.199999809265137,0
2020-10-13,4.199999809265137,4.199999809265137,4.199999809265137,4.199999809265137,0
2020-10-14,4.199999809265137,4.199999809265137,4.199999809265137,4.199999809265137,0
2020-10-15,4.199999809265137,4.199999809265137,4.199999809265137,4.199999809265137,0
2020-10-16,4.199999809265137,4.199999809265137,4.199999809265137,4.199999809265137,0
2020-10-19,7.099999904632568,7.199999809265137,7.0,7.099999904632568,995702
2020-10-20,4.179999828338623,4.179999828338623,4.179999828338623,4.179999828338623,0
2020-10-21,4.179999828338623,4.179999828338623,4.179999828338623,4.179999828338623,0
2020-10-22,4.179999828338623,4.179999828338623,4.179999828338623,4.179999828338623,0
2020-10-23,4.179999828338623,4.179999828338623,4.179999828338623,4.179999828338623,20
2020-10-26,4.179999828338623,4.179999828338623,4.179999828338623,4.179999828338623,0
2020-10-27,4.099999904632568,4.150000095367432,4.099999904632568,4.150000095367432,570
2020-10-28,4.150000095367432,4.150000095367432,4.150000095367432,4.150000095367432,0
2020-10-29,4.150000095367432,4.150000095367432,4.150000095367432,4.150000095367432,0
2020-10-30,4.150000095367432,4.150000095367432,4.150000095367432,4.150000095367432,0
2020-11-02,4.150000095367432,4.150000095367432,4.150000095367432,4.150000095367432,0
2020-11-03,4.139999866485596,4.139999866485596,4.139999866485596,4.139999866485596,17
2020-11-04,4.139999866485596,4.139999866485596,4.139999866485596,4.139999866485596,0
2020-11-05,4.139999866485596,4.139999866485596,4.139999866485596,4.139999866485596,0
2020-11-06,4.099999904632568,4.099999904632568,4.099999904632568,4.099999904632568,171
2020-11-09,4.139999866485596,4.139999866485596,4.139999866485596,4.139999866485596,50
2020-11-10,4.019999980926514,4.260000228881836,4.019999980926514,4.260000228881836,2081
2020-11-11,4.260000228881836,4.380000114440918,4.260000228881836,4.380000114440918,270
2020-11-12,4.400000095367432,4.489999771118164,4.400000095367432,4.489999771118164,9817
2020-11-13,4.46999979019165,4.46999979019165,4.46999979019165,4.46999979019165,3450
2020-11-16,4.46999979019165,4.46999979019165,4.46999979019165,4.46999979019165,0
2020-11-17,338.0,338.0,338.0,338.0,0
2020-11-18,4.340000152587891,4.340000152587891,4.340000152587891,4.340000152587891,417
2020-11-19,4.210000038146973,4.380000114440918,4.210000038146973,4.380000114440918,2674
2020-11-20,4.380000114440918,4.380000114440918,4.380000114440918,4.380000114440918,0
2020-11-23,4.380000114440918,4.380000114440918,4.380000114440918,4.380000114440918,0
2020-11-24,4.380000114440918,4.380000114440918,4.380000114440918,4.380000114440918,0
2020-11-25,4.380000114440918,4.380000114440918,4.380000114440918,4.380000114440918,0
2020-11-27,4.300000190734863,4.300000190734863,4.300000190734863,4.300000190734863,50
2020-11-30,4.300000190734863,4.300000190734863,4.300000190734863,4.300000190734863,0
2020-12-01,4.179999828338623,4.300000190734863,4.179999828338623,4.300000190734863,1748
2020-12-02,4.300000190734863,4.300000190734863,4.300000190734863,4.300000190734863,0
2020-12-03,4.300000190734863,4.300000190734863,4.300000190734863,4.300000190734863,0
2020-12-04,4.199999809265137,4.199999809265137,4.199999809265137,4.199999809265137,1300
2020-12-07,4.179999828338623,4.179999828338623,4.150000095367432,4.150000095367432,5818
2020-12-08,4.119999885559082,4.119999885559082,4.03000020980835,4.099999904632568,9814
2020-12-09,4.21999979019165,4.21999979019165,4.099999904632568,4.099999904632568,110
2020-12-10,4.090000152587891,4.099999904632568,4.079999923706055,4.099999904632568,4050
2020-12-11,4.21999979019165,4.340000152587891,4.21999979019165,4.28000020980835,1731
2020-12-14,4.349999904632568,4.349999904632568,4.320000171661377,4.329999923706055,990
2020-12-15,4.210000038146973,4.349999904632568,4.210000038146973,4.349999904632568,704
2020-12-16,4.309999942779541,4.349999904632568,4.21999979019165,4.349999904632568,1373
2020-12-17,4.340000152587891,4.340000152587891,4.21999979019165,4.300000190734863,619
2020-12-18,4.199999809265137,4.300000190734863,4.199999809265137,4.300000190734863,1155
2020-12-21,4.300000190734863,4.300000190734863,4.300000190734863,4.300000190734863,0
2020-12-22,4.300000190734863,4.300000190734863,4.300000190734863,4.300000190734863,0
2020-12-23,4.179999828338623,4.28000020980835,4.179999828338623,4.28000020980835,52
2020-12-24,4.269999980926514,4.269999980926514,4.269999980926514,4.269999980926514,745
2020-12-28,4.199999809265137,4.300000190734863,4.179999828338623,4.300000190734863,2347
2020-12-29,4.199999809265137,4.300000190734863,4.199999809265137,4.300000190734863,250
2020-12-30,4.199999809265137,4.300000190734863,4.199999809265137,4.300000190734863,350
2020-12-31,4.300000190734863,4.420000076293945,4.179999828338623,4.380000114440918,4976
2021-01-04,4.199999809265137,4.380000114440918,4.190000057220459,4.380000114440918,3559
2021-01-05,4.25,4.25,4.25,4.25,108
2021-01-06,4.340000152587891,4.349999904632568,4.340000152587891,4.349999904632568,10
2021-01-07,4.349999904632568,4.349999904632568,4.21999979019165,4.340000152587891,180
2021-01-08,4.329999923706055,4.329999923706055,4.289999961853027,4.300000190734863,142
2021-01-11,4.269999980926514,4.28000020980835,4.239999771118164,4.239999771118164,44723
2021-01-12,4.230000019073486,4.230000019073486,4.230000019073486,4.230000019073486,642
2021-01-13,4.21999979019165,4.21999979019165,4.210000038146973,4.21999979019165,1315
2021-01-14,366.0,366.0,366.0,366.0,0
2021-01-15,4.21999979019165,4.21999979019165,4.21999979019165,4.21999979019165,1480
